0 0.1552734375 0.96875 0.1572265625 0.9713541671874999 0.1669921875 0.9713541671874999 0.1689453125 0.96875 0.5322265625 0.9661458328125001 0.5341796875 0.9635416671874999 0.5361328125 0.9661458328125001 0.5537109375 0.9661458328125001 0.5556640625 0.9635416671874999 0.9130859375 0.9635416671874999 0.9150390625 0.9609375 0.9208984375 0.9635416671874999 0.9306640625 0.9635416671874999 0.9326171875 0.9609375 0.9345703125 0.9635416671874999 0.9736328125 0.9635416671874999 0.9755859375 0.9609375 0.9951171875 0.9609375 0.9990234375 0.9583333328125001 1 0.0247395828125 0.9931640625 0.0208333328125 0.9912109375 0.0234375 0.8681640625 0.0260416671875 0.8662109375 0.0286458328125 0.8134765625 0.0286458328125 0.8115234375 0.03125 0.7353515625 0.03125 0.7333984375 0.0338541671875 0.7001953125 0.0338541671875 0.6982421875 0.0364583328125 0.6962890625 0.0338541671875 0.6865234375 0.0338541671875 0.6845703125 0.0364583328125 0.6826171875 0.0338541671875 0.6787109375 0.0364583328125 0.4814453125 0.0364583328125 0.4794921875 0.0390625 0.4736328125 0.0364583328125 0.4716796875 0.0390625 0.4091796875 0.0390625 0.4072265625 0.0416666671875 0.2861328125 0.0416666671875 0.2841796875 0.0442708328125 0.2197265625 0.0442708328125 0.2177734375 0.046875 0.0830078125 0.046875 0.0810546875 0.0494791671875 0.0009765625 0.046875 0 0.9700520828125001 0.08203125 0.97265625 0.1533203125 0.9713541671874999 0.1552734375 0.96875
1 0.392578125 0.57421875 0.3984375 0.55859375 0.3984375 0.5325520828125 0.392578125 0.5143229171875 0.3779296875 0.4973958328125 0.3603515625 0.4895833328125 0.3427734375 0.4921875 0.3271484375 0.5052083328125 0.318359375 0.5221354171875 0.31640625 0.5325520828125 0.318359375 0.56640625 0.32421875 0.5794270828125 0.3408203125 0.5963541671875 0.3466796875 0.5989583328125 0.3671875 0.59765625 0.3818359375 0.5885416671875 0.392578125 0.57421875
1 0.25390625 0.4856770828125 0.2451171875 0.4739583328125 0.2353515625 0.4739583328125 0.228515625 0.48046875 0.2265625 0.4934895828125 0.2353515625 0.5078125 0.244140625 0.5065104171875 0.251953125 0.5013020828125 0.25390625 0.4856770828125
1 0.361328125 0.3190104171875 0.357421875 0.3033854171875 0.3466796875 0.2942708328125 0.3408203125 0.2994791671875 0.3310546875 0.3020833328125 0.3232421875 0.3125 0.3115234375 0.3125 0.2802734375 0.3203125 0.2734375 0.33203125 0.275390625 0.33984375 0.2861328125 0.3515625 0.3115234375 0.3489583328125 0.3330078125 0.3411458328125 0.3427734375 0.3541666671875 0.353515625 0.3528645828125 0.361328125 0.3450520828125 0.361328125 0.3190104171875
1 0.458984375 0.3294270828125 0.458984375 0.30078125 0.455078125 0.2877604171875 0.4482421875 0.28125 0.4345703125 0.2734375 0.4248046875 0.2734375 0.404296875 0.2955729171875 0.404296875 0.31640625 0.40625 0.3294270828125 0.4111328125 0.3385416671875 0.4267578125 0.3489583328125 0.435546875 0.3502604171875 0.4404296875 0.3489583328125 0.458984375 0.3294270828125
1 0.533203125 0.1861979171875 0.533203125 0.1731770828125 0.5224609375 0.1536458328125 0.5068359375 0.1510416671875 0.49609375 0.1627604171875 0.490234375 0.1888020828125 0.5048828125 0.21614583281250002 0.513671875 0.21484375 0.52734375 0.20703125 0.533203125 0.1861979171875
1 0.6044921875 0.3203125 0.6298828125 0.3177083328125 0.6552734375 0.3098958328125 0.6689453125 0.3098958328125 0.7138671875 0.296875 0.720703125 0.2877604171875 0.720703125 0.2721354171875 0.7177734375 0.2682291671875 0.6943359375 0.2682291671875 0.6826171875 0.2734375 0.6708984375 0.2734375 0.6455078125 0.28125 0.6298828125 0.28125 0.6044921875 0.2890625 0.5908203125 0.2786458328125 0.5810546875 0.2786458328125 0.576171875 0.28515625 0.576171875 0.3190104171875 0.580078125 0.33203125 0.5849609375 0.3385416671875 0.595703125 0.3372395828125 0.599609375 0.3346354171875 0.6044921875 0.3203125
1 0.6630859375 0.3932291671875 0.677734375 0.3763020828125 0.677734375 0.37109375 0.6650390625 0.3723958328125 0.6552734375 0.3828125 0.6220703125 0.40625 0.6103515625 0.40625 0.607421875 0.4153645828125 0.611328125 0.42578125 0.6162109375 0.4322916671875 0.623046875 0.4309895828125 0.6298828125 0.4166666671875 0.6630859375 0.3932291671875
1 0.5654296875 0.5364583328125 0.6162109375 0.5130208328125 0.6494140625 0.4921875 0.6591796875 0.4895833328125 0.681640625 0.4700520828125 0.6689453125 0.46875 0.6591796875 0.4765625 0.6279296875 0.4895833328125 0.5537109375 0.53125 0.5400390625 0.5286458328125 0.5390625 0.5403645828125 0.548828125 0.5533854171875 0.5576171875 0.5416666671875 0.5654296875 0.5364583328125
1 0.494140625 0.42578125 0.5078125 0.41796875 0.4951171875 0.4010416671875 0.48828125 0.40234375 0.490234375 0.4075520828125 0.486328125 0.41796875 0.455078125 0.4700520828125 0.451171875 0.4856770828125 0.45703125 0.4856770828125 0.4765625 0.4596354171875 0.494140625 0.42578125
1 0.595703125 0.64453125 0.5849609375 0.6276041671875 0.5791015625 0.625 0.5712890625 0.6276041671875 0.5625 0.63671875 0.560546875 0.6575520828125 0.5712890625 0.671875 0.583984375 0.6705729171875 0.591796875 0.6627604171875 0.595703125 0.64453125
1 0.56640625 0.7122395828125 0.56640625 0.69921875 0.5615234375 0.6953125 0.5556640625 0.6979166671875 0.5517578125 0.7083333328125 0.2685546875 0.7005208328125 0.2646484375 0.6979166671875 0.2626953125 0.7005208328125 0.2529296875 0.7005208328125 0.244140625 0.7096354171875 0.2529296875 0.71875 0.2626953125 0.7213541671875 0.3720703125 0.7239583328125 0.3740234375 0.7265625 0.4501953125 0.7265625 0.4521484375 0.7291666671875 0.4873046875 0.7291666671875 0.4892578125 0.7317708328125 0.5478515625 0.7317708328125 0.5537109375 0.734375 0.5556640625 0.7395833328125 0.56640625 0.73828125 0.568359375 0.71484375 0.56640625 0.7122395828125
1 0.4970703125 0.6328125 0.4697265625 0.6223958328125 0.4580078125 0.6145833328125 0.4521484375 0.6145833328125 0.4384765625 0.5989583328125 0.431640625 0.6080729171875 0.427734375 0.62109375 0.4287109375 0.6302083328125 0.4482421875 0.6302083328125 0.4873046875 0.6484375 0.50390625 0.6471354171875 0.50390625 0.6419270828125 0.4970703125 0.6328125
1 0.357421875 0.4283854171875 0.3544921875 0.4244791671875 0.3427734375 0.4296875 0.3408203125 0.4270833328125 0.3271484375 0.4270833328125 0.3251953125 0.4244791671875 0.2763671875 0.4166666671875 0.2509765625 0.4088541671875 0.2392578125 0.4088541671875 0.2275390625 0.4036458328125 0.203125 0.4049479171875 0.2080078125 0.4114583328125 0.2255859375 0.4192708328125 0.2353515625 0.4192708328125 0.3115234375 0.4401041671875 0.3232421875 0.4401041671875 0.3388671875 0.4453125 0.3466796875 0.453125 0.353515625 0.4518229171875 0.357421875 0.4440104171875 0.357421875 0.4283854171875