0 0.827456225 0 0.8264834625 0.0012975781250000001 0.7474464984375 0.0012975781250000001 0.745419909375 0.004000865625000001 0.7109678984375 0.004000865625000001 0.708941309375 0.006704151562500001 0.706914721875 0.004000865625000001 0.6967817765625 0.004000865625000001 0.6947551875 0.006704151562500001 0.6927285999999999 0.004000865625000001 0.688675421875 0.006704151562500001 0.4839899484375 0.006704151562500001 0.481963359375 0.0094074390625 0.4758835921875 0.006704151562500001 0.473857003125 0.0094074390625 0.4090061609375 0.0094074390625 0.406979571875 0.0121107265625 0.2813310640625 0.0121107265625 0.279304475 0.0148140140625 0.2124270421875 0.0148140140625 0.21040045468750002 0.0175173015625 0.0705658234375 0.0175173015625 0.06853923437500001 0.0202205875 0 0.01799070625 0 0.976326928125 0.0695525296875 0.9785359 0.143523021875 0.9771842562499999 0.14554961093750002 0.97448096875 0.1475762 0.9771842562499999 0.15770914375 0.9771842562499999 0.1597357328125 0.97448096875 0.5366812578125 0.9717776812500001 0.5387078468750001 0.96907439375 0.5407344359375 0.9717776812500001 0.5589737359375 0.9717776812500001 0.561000325 0.96907439375 0.9318660828124999 0.96907439375 0.933892671875 0.9663711078125001 0.9399724390624999 0.96907439375 0.9501053828125 0.96907439375 0.952131971875 0.9663711078125001 0.9541585609375 0.96907439375 0.9946903375 0.96907439375 0.9967169265625 0.9663711078125001 1 0.9663711078125001 1 0 0.827456225 0
1 0.340102140625 0.4797794125 0.3238894296875 0.49329584843749996 0.31476977968750003 0.5108672140625 0.312743190625 0.5216803640625 0.31476977968750003 0.556823096875 0.3208495453125 0.5703395328124999 0.3380755515625 0.5879109 0.3441553171875 0.5906141875 0.3654345 0.58926254375 0.3806339171875 0.5798010375 0.39178015624999996 0.5649329578125 0.39785992187499997 0.5487132359375 0.39785992187499997 0.5216803640625 0.39178015624999996 0.502757353125 0.3765807390625 0.48518598593749995 0.3583414390625 0.47707612499999996 0.340102140625 0.4797794125
1 0.23775940312500002 0.49464749062499996 0.245865759375 0.4892409171875 0.247892346875 0.47302119375 0.2387726984375 0.4608564015625 0.228639753125 0.4608564015625 0.2215466921875 0.46761461875 0.21952010312499998 0.4811310546875 0.228639753125 0.495999134375 0.23775940312500002 0.49464749062499996
1 0.30767671874999997 0.2932525953125 0.275251296875 0.30136245625 0.2681582359375 0.3135272484375 0.27018482499999996 0.32163711093749997 0.2813310640625 0.333801903125 0.30767671874999997 0.331098615625 0.3299691953125 0.3229887546875 0.340102140625 0.336505190625 0.351248378125 0.335153546875 0.359354734375 0.32704368437500003 0.359354734375 0.3000108125 0.35530155625000004 0.28379109062499996 0.3441553171875 0.274329584375 0.3380755515625 0.27973615937499996 0.32794260625 0.282439446875 0.3198362515625 0.2932525953125 0.30767671874999997 0.2932525953125
1 0.40393968906250005 0.275681228125 0.40393968906250005 0.2973075265625 0.405966278125 0.3108239625 0.41103275000000006 0.3202854671875 0.4272454609375 0.331098615625 0.43636511093749997 0.332450259375 0.4414315828125 0.331098615625 0.4606841765625 0.3108239625 0.4606841765625 0.28108780312500004 0.4566309984375 0.2675713671875 0.4495379375 0.2608131484375 0.43535181562499997 0.25270328750000004 0.425218871875 0.25270328750000004 0.40393968906250005 0.275681228125
1 0.5083090140625 0.19323096875 0.5174286640625 0.191879325 0.5316147859375 0.1837694640625 0.5376945531249999 0.162143165625 0.5376945531249999 0.1486267296875 0.5265483140625 0.1283520765625 0.5103356031249999 0.12564878906250002 0.49918936406250003 0.13781358125 0.4931095984375 0.164846453125 0.5083090140625 0.19323096875
1 0.7322470812499999 0.25135164374999996 0.7292071984375 0.2472967125 0.7048881328125 0.2472967125 0.6927285999999999 0.25270328750000004 0.6805690656250001 0.25270328750000004 0.6542234109375 0.2608131484375 0.6380106999999999 0.2608131484375 0.6116650453125 0.2689230109375 0.5974789234375 0.2581098609375 0.5873459796875 0.2581098609375 0.5822795078125 0.2648680796875 0.5822795078125 0.3000108125 0.5863326843750001 0.3135272484375 0.59139915625 0.3202854671875 0.6025453953125 0.3189338234375 0.6065985734375 0.3162305359375 0.6116650453125 0.30136245625 0.6380106999999999 0.2986591703125 0.6643563546875 0.2905493078125 0.6785424765625 0.2905493078125 0.7251540203125 0.27703287187500003 0.7322470812499999 0.2675713671875 0.7322470812499999 0.25135164374999996
1 0.6177448125 0.390570934375 0.614704928125 0.40003243906249997 0.6187581062499999 0.4108455875 0.623824578125 0.41760380625 0.6309176390625 0.4162521625 0.6380106999999999 0.4013840828125 0.6724627109375 0.3770544984375 0.6876621265625 0.35948313125000003 0.6876621265625 0.35407655781249997 0.6744893000000001 0.3554282 0.6643563546875 0.36624135 0.6299043453125 0.390570934375 0.6177448125 0.390570934375
1 0.6684095328125 0.4635596890625 0.6359841109375 0.47707612499999996 0.5589737359375 0.5203287203125 0.5447876140625 0.5176254328125001 0.5437743187499999 0.529790225 0.5539072640625 0.5433066609375 0.5630269125 0.53114186875 0.5711332687499999 0.52573529375 0.623824578125 0.501405709375 0.6582765890625 0.4797794125 0.6684095328125 0.47707612499999996 0.6917153046875 0.45680147031249996 0.6785424765625 0.4554498265625 0.6684095328125 0.4635596890625
1 0.4566309984375 0.45680147031249996 0.45257782031250005 0.47302119375 0.4586575875 0.47302119375 0.4789234765625 0.445988321875 0.49716277499999995 0.4108455875 0.511348896875 0.40273572656249995 0.49817607031250005 0.385164359375 0.49108300937499993 0.386516003125 0.4931095984375 0.39192257812500003 0.48905642031249996 0.40273572656249995 0.4566309984375 0.45680147031249996
1 0.5772130343749999 0.6663062281250001 0.5903858625 0.664954584375 0.5984922171875 0.6568447234375 0.6025453953125 0.6379217125000001 0.59139915625 0.6203503453125 0.5853193906249999 0.6176470593750001 0.5772130343749999 0.6203503453125 0.5680933859375 0.6298118515625 0.5660667968750001 0.6514381484375 0.5772130343749999 0.6663062281250001
1 0.2590385859375 0.6933391 0.257011996875 0.6960423875 0.24687905312499997 0.6960423875 0.23775940312500002 0.7055038921875 0.24687905312499997 0.7149653984375 0.257011996875 0.717668684375 0.3705009734375 0.720371971875 0.3725275609375 0.7230752593750001 0.4515645265625 0.7230752593750001 0.453591115625 0.725778546875 0.4900697140625 0.725778546875 0.492096303125 0.7284818343749999 0.5528939687500001 0.7284818343749999 0.5589737359375 0.7311851218750001 0.561000325 0.7365916953125 0.5721465625000001 0.7352400515624999 0.5741731515625 0.7109104671875001 0.5721465625000001 0.7082071796875 0.5721465625000001 0.6946907437500001 0.567080090625 0.6906358125 0.561000325 0.6933391 0.556947146875 0.7041522484375 0.2630917640625 0.6960423875 0.2590385859375 0.6933391
1 0.42825875468749997 0.613592128125 0.42927204999999996 0.6230536328125 0.4495379375 0.6230536328125 0.4900697140625 0.64197664375 0.5072957203125 0.640625 0.5072957203125 0.6352184249999999 0.500202659375 0.6257569203125 0.47183041562500005 0.6149437718749999 0.45967088125 0.6068339093749999 0.453591115625 0.6068339093749999 0.43940499375000003 0.5906141875 0.4323119328125 0.6000756921875 0.42825875468749997 0.613592128125
1 0.27119811875 0.4013840828125 0.2448524640625 0.393274221875 0.23269293124999998 0.393274221875 0.22053339843750003 0.387867646875 0.1952010375 0.389219290625 0.200267509375 0.395977509375 0.218506809375 0.4040873703125 0.228639753125 0.4040873703125 0.30767671874999997 0.42571366718750003 0.3198362515625 0.42571366718750003 0.3360489625 0.43112024218749995 0.3441553171875 0.439230103125 0.351248378125 0.4378784609375 0.35530155625000004 0.4297685984375 0.35530155625000004 0.41354887500000004 0.35226167343750003 0.4094939453125 0.340102140625 0.41490051875 0.3380755515625 0.41219723124999996 0.3238894296875 0.41219723124999996 0.32186284062500004 0.4094939453125 0.27119811875 0.4013840828125