0 1 0.9700520828125001 0.9990234375 0.046875 0.9189453125 0.0494791671875 0.9169921875 0.046875 0.7822265625 0.046875 0.7802734375 0.0442708328125 0.7158203125 0.0442708328125 0.7138671875 0.0416666671875 0.5927734375 0.0416666671875 0.5908203125 0.0390625 0.5283203125 0.0390625 0.5263671875 0.0364583328125 0.5205078125 0.0390625 0.5185546875 0.0364583328125 0.3212890625 0.0364583328125 0.3173828125 0.0338541671875 0.3154296875 0.0364583328125 0.3134765625 0.0338541671875 0.3037109375 0.0338541671875 0.3017578125 0.0364583328125 0.2998046875 0.0338541671875 0.2666015625 0.0338541671875 0.2646484375 0.03125 0.1884765625 0.03125 0.1865234375 0.0286458328125 0.1337890625 0.0286458328125 0.1318359375 0.0260416671875 0.0087890625 0.0234375 0.0068359375 0.0208333328125 0 0.0247395828125 0.0009765625 0.9583333328125001 0.0048828125 0.9609375 0.0244140625 0.9609375 0.0263671875 0.9635416671874999 0.0654296875 0.9635416671874999 0.0673828125 0.9609375 0.0693359375 0.9635416671874999 0.0791015625 0.9635416671874999 0.0849609375 0.9609375 0.0869140625 0.9635416671874999 0.4443359375 0.9635416671874999 0.4462890625 0.9661458328125001 0.4638671875 0.9661458328125001 0.4658203125 0.9635416671874999 0.4677734375 0.9661458328125001 0.8310546875 0.96875 0.8330078125 0.9713541671874999 0.8427734375 0.9713541671874999 0.8447265625 0.96875 0.8466796875 0.9713541671874999 0.91796875 0.97265625 1 0.9700520828125001
1 0.6533203125 0.5989583328125 0.6591796875 0.5963541671875 0.67578125 0.5794270828125 0.681640625 0.56640625 0.68359375 0.5325520828125 0.681640625 0.5221354171875 0.6728515625 0.5052083328125 0.6572265625 0.4921875 0.6396484375 0.4895833328125 0.6220703125 0.4973958328125 0.607421875 0.5143229171875 0.6015625 0.5325520828125 0.6015625 0.55859375 0.607421875 0.57421875 0.6181640625 0.5885416671875 0.6328125 0.59765625 0.6533203125 0.5989583328125
1 0.7646484375 0.5078125 0.7734375 0.4934895828125 0.771484375 0.48046875 0.7646484375 0.4739583328125 0.7548828125 0.4739583328125 0.74609375 0.4856770828125 0.748046875 0.5013020828125 0.755859375 0.5065104171875 0.7646484375 0.5078125
1 0.6572265625 0.3541666671875 0.6669921875 0.3411458328125 0.6884765625 0.3489583328125 0.7138671875 0.3515625 0.724609375 0.33984375 0.7265625 0.33203125 0.7197265625 0.3203125 0.6884765625 0.3125 0.6767578125 0.3125 0.6689453125 0.3020833328125 0.6591796875 0.2994791671875 0.6533203125 0.2942708328125 0.642578125 0.3033854171875 0.638671875 0.3190104171875 0.638671875 0.3450520828125 0.646484375 0.3528645828125 0.6572265625 0.3541666671875
1 0.5732421875 0.3489583328125 0.5888671875 0.3385416671875 0.59375 0.3294270828125 0.595703125 0.31640625 0.595703125 0.2955729171875 0.5751953125 0.2734375 0.5654296875 0.2734375 0.5517578125 0.28125 0.544921875 0.2877604171875 0.541015625 0.30078125 0.541015625 0.3294270828125 0.5595703125 0.3489583328125 0.564453125 0.3502604171875 0.5732421875 0.3489583328125
1 0.4951171875 0.21614583281250002 0.509765625 0.1888020828125 0.50390625 0.1627604171875 0.4931640625 0.1510416671875 0.4775390625 0.1536458328125 0.466796875 0.1731770828125 0.466796875 0.1861979171875 0.47265625 0.20703125 0.486328125 0.21484375 0.4951171875 0.21614583281250002
1 0.4150390625 0.3385416671875 0.419921875 0.33203125 0.423828125 0.3190104171875 0.423828125 0.28515625 0.4189453125 0.2786458328125 0.4091796875 0.2786458328125 0.3955078125 0.2890625 0.3701171875 0.28125 0.3544921875 0.28125 0.3291015625 0.2734375 0.3173828125 0.2734375 0.3056640625 0.2682291671875 0.2822265625 0.2682291671875 0.279296875 0.2721354171875 0.279296875 0.2877604171875 0.2861328125 0.296875 0.3310546875 0.3098958328125 0.3447265625 0.3098958328125 0.3701171875 0.3177083328125 0.3955078125 0.3203125 0.400390625 0.3346354171875 0.404296875 0.3372395828125 0.4150390625 0.3385416671875
1 0.3837890625 0.4322916671875 0.388671875 0.42578125 0.392578125 0.4153645828125 0.3896484375 0.40625 0.3779296875 0.40625 0.3447265625 0.3828125 0.3349609375 0.3723958328125 0.322265625 0.37109375 0.322265625 0.3763020828125 0.3369140625 0.3932291671875 0.3701171875 0.4166666671875 0.376953125 0.4309895828125 0.3837890625 0.4322916671875
1 0.4609375 0.5403645828125 0.4599609375 0.5286458328125 0.4462890625 0.53125 0.3720703125 0.4895833328125 0.3408203125 0.4765625 0.3310546875 0.46875 0.318359375 0.4700520828125 0.3408203125 0.4895833328125 0.3505859375 0.4921875 0.3837890625 0.5130208328125 0.4345703125 0.5364583328125 0.4423828125 0.5416666671875 0.451171875 0.5533854171875 0.4609375 0.5403645828125
1 0.548828125 0.4856770828125 0.544921875 0.4700520828125 0.513671875 0.41796875 0.509765625 0.4075520828125 0.51171875 0.40234375 0.5048828125 0.4010416671875 0.4921875 0.41796875 0.505859375 0.42578125 0.5234375 0.4596354171875 0.54296875 0.4856770828125 0.548828125 0.4856770828125
1 0.4287109375 0.671875 0.439453125 0.6575520828125 0.4375 0.63671875 0.4287109375 0.6276041671875 0.4208984375 0.625 0.4150390625 0.6276041671875 0.404296875 0.64453125 0.408203125 0.6627604171875 0.416015625 0.6705729171875 0.4287109375 0.671875
1 0.4443359375 0.7395833328125 0.4462890625 0.734375 0.4521484375 0.7317708328125 0.5107421875 0.7317708328125 0.5126953125 0.7291666671875 0.5478515625 0.7291666671875 0.5498046875 0.7265625 0.6259765625 0.7265625 0.6279296875 0.7239583328125 0.7373046875 0.7213541671875 0.7470703125 0.71875 0.755859375 0.7096354171875 0.7470703125 0.7005208328125 0.7373046875 0.7005208328125 0.7353515625 0.6979166671875 0.7314453125 0.7005208328125 0.4482421875 0.7083333328125 0.4443359375 0.6979166671875 0.4384765625 0.6953125 0.43359375 0.69921875 0.43359375 0.7122395828125 0.431640625 0.71484375 0.43359375 0.73828125 0.4443359375 0.7395833328125
1 0.5126953125 0.6484375 0.5517578125 0.6302083328125 0.5712890625 0.6302083328125 0.572265625 0.62109375 0.568359375 0.6080729171875 0.5615234375 0.5989583328125 0.5478515625 0.6145833328125 0.5419921875 0.6145833328125 0.5302734375 0.6223958328125 0.5029296875 0.6328125 0.49609375 0.6419270828125 0.49609375 0.6471354171875 0.5126953125 0.6484375
1 0.6533203125 0.453125 0.6611328125 0.4453125 0.6767578125 0.4401041671875 0.6884765625 0.4401041671875 0.7646484375 0.4192708328125 0.7744140625 0.4192708328125 0.7919921875 0.4114583328125 0.796875 0.4049479171875 0.7724609375 0.4036458328125 0.7607421875 0.4088541671875 0.7490234375 0.4088541671875 0.7236328125 0.4166666671875 0.6748046875 0.4244791671875 0.6728515625 0.4270833328125 0.6591796875 0.4270833328125 0.6572265625 0.4296875 0.6455078125 0.4244791671875 0.642578125 0.4283854171875 0.642578125 0.4440104171875 0.646484375 0.4518229171875 0.6533203125 0.453125