0 1 0.0247395828125 0.8681640625 0.0260416671875 0.8662109375 0.0286458328125 0.7353515625 0.03125 0.7333984375 0.0338541671875 0.7236328125 0.03125 0.7216796875 0.0338541671875 0.6748046875 0.0338541671875 0.6728515625 0.0364583328125 0.6337890625 0.0338541671875 0.6318359375 0.0364583328125 0.4814453125 0.0364583328125 0.4794921875 0.0390625 0.4736328125 0.0364583328125 0.4716796875 0.0390625 0.4033203125 0.0390625 0.4013671875 0.0416666671875 0.2705078125 0.0416666671875 0.2685546875 0.0442708328125 0.2177734375 0.0442708328125 0.2158203125 0.046875 0.2138671875 0.0442708328125 0.2080078125 0.046875 0.0810546875 0.046875 0.0791015625 0.0494791671875 0.0712890625 0.046875 0.0654296875 0.0494791671875 0.0615234375 0.046875 0.0576171875 0.0494791671875 0.0556640625 0.046875 0.0458984375 0.046875 0.0439453125 0.0494791671875 0.0380859375 0.046875 0.0009765625 0.046875 0 0.9700520828125001 0.0302734375 0.9713541671874999 0.0322265625 0.9739583328125001 0.09375 0.97265625 0.1982421875 0.9713541671874999 0.2001953125 0.96875 0.2099609375 0.96875 0.2119140625 0.9713541671874999 0.2158203125 0.96875 0.2255859375 0.96875 0.2275390625 0.9713541671874999 0.2314453125 0.96875 0.2412109375 0.96875 0.2431640625 0.9713541671874999 0.2470703125 0.96875 0.4833984375 0.96875 0.4853515625 0.9661458328125001 0.5380859375 0.9661458328125001 0.5419921875 0.96875 0.5556640625 0.9635416671874999 0.5791015625 0.9635416671874999 0.5810546875 0.9661458328125001 0.5888671875 0.9635416671874999 0.6103515625 0.9635416671874999 0.6123046875 0.9661458328125001 0.6162109375 0.9635416671874999 0.6201171875 0.9661458328125001 0.6220703125 0.9635416671874999 0.6474609375 0.9635416671874999 0.6494140625 0.9609375 0.6845703125 0.9609375 0.6865234375 0.9635416671874999 0.8525390625 0.9635416671874999 0.8544921875 0.9609375 0.8583984375 0.9635416671874999 0.9130859375 0.9635416671874999 0.9150390625 0.9609375 0.9208984375 0.9635416671874999 0.9306640625 0.9609375 0.9365234375 0.9635416671874999 0.9775390625 0.9635416671874999 0.9794921875 0.9609375 0.9970703125 0.9609375 1 0.95703125 1 0.0247395828125
1 0.36328125 0.3294270828125 0.357421875 0.3033854171875 0.3466796875 0.2916666671875 0.3388671875 0.2942708328125 0.3232421875 0.3125 0.2861328125 0.3177083328125 0.2783203125 0.3203125 0.275390625 0.3268229171875 0.275390625 0.33984375 0.2861328125 0.3515625 0.3017578125 0.3515625 0.3251953125 0.34375 0.3349609375 0.34375 0.3408203125 0.3515625 0.353515625 0.3528645828125 0.361328125 0.3450520828125 0.36328125 0.3294270828125
1 0.53515625 0.1809895828125 0.525390625 0.1575520828125 0.5185546875 0.1510416671875 0.5087890625 0.1510416671875 0.4990234375 0.1588541671875 0.490234375 0.18359375 0.4921875 0.1966145828125 0.49609375 0.20442708281250002 0.5048828125 0.21614583281250002 0.513671875 0.21484375 0.52734375 0.20963541718749998 0.53515625 0.1809895828125
1 0.6044921875 0.3203125 0.6162109375 0.3203125 0.6181640625 0.3177083328125 0.7099609375 0.2994791671875 0.71875 0.29296875 0.720703125 0.2721354171875 0.7177734375 0.2682291671875 0.7080078125 0.265625 0.7060546875 0.2682291671875 0.6923828125 0.2682291671875 0.6435546875 0.28125 0.6181640625 0.2838541671875 0.6064453125 0.2890625 0.5849609375 0.2786458328125 0.5791015625 0.28125 0.576171875 0.2877604171875 0.578125 0.3268229171875 0.5849609375 0.3385416671875 0.595703125 0.3372395828125 0.6015625 0.33203125 0.6044921875 0.3203125
1 0.6708984375 0.3854166671875 0.677734375 0.3763020828125 0.677734375 0.37109375 0.6669921875 0.3723958328125 0.6279296875 0.4036458328125 0.6103515625 0.4088541671875 0.609375 0.41796875 0.611328125 0.4231770828125 0.6181640625 0.4322916671875 0.62109375 0.4309895828125 0.6298828125 0.4166666671875 0.6708984375 0.3854166671875
1 0.6552734375 0.4921875 0.6748046875 0.4791666671875 0.681640625 0.4700520828125 0.6767578125 0.4661458328125 0.6689453125 0.46875 0.5537109375 0.53125 0.5439453125 0.5260416671875 0.541015625 0.5299479171875 0.541015625 0.5377604171875 0.544921875 0.55078125 0.5478515625 0.5546875 0.55078125 0.5533854171875 0.5615234375 0.5390625 0.6552734375 0.4921875
1 0.494140625 0.42578125 0.5078125 0.41796875 0.4931640625 0.3984375 0.48828125 0.3997395828125 0.48828125 0.4127604171875 0.484375 0.4231770828125 0.45703125 0.4674479171875 0.453125 0.4778645828125 0.453125 0.4856770828125 0.45703125 0.4856770828125 0.466796875 0.4752604171875 0.494140625 0.42578125
1 0.5 0.3372395828125 0.5 0.30859375 0.498046875 0.30078125 0.4892578125 0.2916666671875 0.4775390625 0.2838541671875 0.4677734375 0.2838541671875 0.4521484375 0.2942708328125 0.4453125 0.3033854171875 0.4453125 0.3372395828125 0.4501953125 0.3463541671875 0.4677734375 0.359375 0.478515625 0.3580729171875 0.498046875 0.3424479171875 0.5 0.3372395828125
1 0.3857421875 0.5859375 0.396484375 0.56640625 0.3984375 0.5299479171875 0.392578125 0.5143229171875 0.3759765625 0.4947916671875 0.3623046875 0.4895833328125 0.3505859375 0.4895833328125 0.3349609375 0.4973958328125 0.322265625 0.5143229171875 0.31640625 0.53515625 0.31640625 0.5533854171875 0.322265625 0.57421875 0.3310546875 0.5885416671875 0.3466796875 0.5989583328125 0.365234375 0.6002604171875 0.3779296875 0.59375 0.3857421875 0.5859375
1 0.255859375 0.4986979171875 0.2578125 0.4856770828125 0.2490234375 0.4739583328125 0.2373046875 0.4739583328125 0.228515625 0.4830729171875 0.2265625 0.4934895828125 0.2353515625 0.5078125 0.24609375 0.5065104171875 0.2509765625 0.5052083328125 0.255859375 0.4986979171875
1 0.359375 0.4283854171875 0.3564453125 0.4244791671875 0.3310546875 0.4270833328125 0.3291015625 0.4244791671875 0.3193359375 0.4244791671875 0.3173828125 0.421875 0.3076171875 0.421875 0.2958984375 0.4166666671875 0.2841796875 0.4166666671875 0.2236328125 0.4010416671875 0.2080078125 0.4010416671875 0.203125 0.4049479171875 0.2138671875 0.4140625 0.2294921875 0.4192708328125 0.2841796875 0.4296875 0.3037109375 0.4375 0.3271484375 0.4401041671875 0.3427734375 0.4453125 0.3466796875 0.453125 0.35546875 0.4518229171875 0.359375 0.4388020828125 0.359375 0.4283854171875
1 0.4951171875 0.6328125 0.4541015625 0.6145833328125 0.4482421875 0.6145833328125 0.4404296875 0.5989583328125 0.43359375 0.6028645828125 0.427734375 0.6236979171875 0.4306640625 0.6302083328125 0.4326171875 0.6276041671875 0.4443359375 0.6276041671875 0.4892578125 0.6484375 0.50390625 0.6471354171875 0.501953125 0.6393229171875 0.4951171875 0.6328125
1 0.591796875 0.6627604171875 0.595703125 0.64453125 0.5849609375 0.6276041671875 0.5673828125 0.6302083328125 0.564453125 0.6341145828125 0.560546875 0.6549479171875 0.5693359375 0.6692708328125 0.5732421875 0.671875 0.58203125 0.6705729171875 0.5869140625 0.6692708328125 0.591796875 0.6627604171875
1 0.5634765625 0.6953125 0.5556640625 0.6979166671875 0.5537109375 0.7057291671875 0.4619140625 0.7057291671875 0.4599609375 0.703125 0.3916015625 0.703125 0.3896484375 0.7005208328125 0.3310546875 0.7005208328125 0.3291015625 0.6979166671875 0.2568359375 0.6979166671875 0.24609375 0.70703125 0.2490234375 0.7161458328125 0.2568359375 0.71875 0.3837890625 0.7239583328125 0.3857421875 0.7265625 0.5107421875 0.7291666671875 0.5126953125 0.7317708328125 0.5517578125 0.7317708328125 0.5556640625 0.7395833328125 0.56640625 0.73828125 0.568359375 0.7044270828125 0.5634765625 0.6953125