0 0.2021484375 0.96875 0.2060546875 0.9713541671874999 0.2158203125 0.9713541671874999 0.2177734375 0.96875 0.2197265625 0.9713541671874999 0.2509765625 0.9713541671874999 0.2529296875 0.96875 0.2587890625 0.9713541671874999 0.2626953125 0.96875 0.2724609375 0.96875 0.2744140625 0.9713541671874999 0.2763671875 0.96875 0.3193359375 0.96875 0.3212890625 0.9713541671874999 0.3251953125 0.96875 0.3349609375 0.96875 0.3369140625 0.9713541671874999 0.3388671875 0.96875 0.5126953125 0.96875 0.5146484375 0.9661458328125001 0.5419921875 0.96875 0.5439453125 0.9661458328125001 0.5673828125 0.9661458328125001 0.5693359375 0.9635416671874999 0.5771484375 0.9661458328125001 0.6240234375 0.9661458328125001 0.6259765625 0.9635416671874999 0.6474609375 0.9635416671874999 0.6494140625 0.9609375 0.6748046875 0.9609375 0.6767578125 0.9635416671874999 0.6806640625 0.9609375 0.6826171875 0.9635416671874999 0.9150390625 0.9635416671874999 0.9169921875 0.9609375 0.9189453125 0.9635416671874999 0.9931640625 0.9635416671874999 0.9990234375 0.9609375 1 0.0247395828125 0.9521484375 0.0234375 0.9462890625 0.0260416671875 0.9443359375 0.0234375 0.9423828125 0.0260416671875 0.8095703125 0.0286458328125 0.8076171875 0.03125 0.7216796875 0.03125 0.7197265625 0.0338541671875 0.6748046875 0.0338541671875 0.6728515625 0.0364583328125 0.6337890625 0.0338541671875 0.6318359375 0.0364583328125 0.4716796875 0.0364583328125 0.4697265625 0.0390625 0.3955078125 0.0390625 0.3935546875 0.0416666671875 0.2705078125 0.0416666671875 0.2685546875 0.0442708328125 0.2080078125 0.0442708328125 0.2060546875 0.046875 0.0810546875 0.046875 0.0791015625 0.0494791671875 0.0771484375 0.046875 0.0009765625 0.046875 0 0.9700520828125001 0.0302734375 0.9713541671874999 0.0322265625 0.9739583328125001 0.103515625 0.97265625 0.2001953125 0.9713541671874999 0.2021484375 0.96875
1 0.259765625 0.2825520828125 0.251953125 0.2721354171875 0.263671875 0.23046875 0.265625 0.20703125 0.2548828125 0.1927083328125 0.2470703125 0.1927083328125 0.2421875 0.19921875 0.23828125 0.21223958281250002 0.228515625 0.2643229171875 0.2197265625 0.2630208328125 0.216796875 0.2669270828125 0.21484375 0.28515625 0.2314453125 0.3020833328125 0.2373046875 0.3046875 0.25390625 0.3033854171875 0.2578125 0.2981770828125 0.259765625 0.2825520828125
1 0.09375 0.51171875 0.09375 0.49609375 0.0888671875 0.4895833328125 0.0693359375 0.4869791671875 0.0625 0.4934895828125 0.060546875 0.51171875 0.0673828125 0.5208333328125 0.0859375 0.51953125 0.0908203125 0.5182291671875 0.09375 0.51171875
1 0.541015625 0.4388020828125 0.544921875 0.4283854171875 0.5419921875 0.421875 0.53125 0.4309895828125 0.4970703125 0.4869791671875 0.48828125 0.4908854171875 0.4970703125 0.5052083328125 0.5029296875 0.5104166671875 0.505859375 0.5091145828125 0.509765625 0.4908854171875 0.541015625 0.4388020828125
1 0.427734375 0.6497395828125 0.423828125 0.6341145828125 0.4169921875 0.6276041671875 0.4072265625 0.6276041671875 0.3955078125 0.6354166671875 0.390625 0.65234375 0.392578125 0.6653645828125 0.3974609375 0.671875 0.4052734375 0.6770833328125 0.41015625 0.67578125 0.421875 0.66796875 0.427734375 0.6497395828125
1 0.2861328125 0.4375 0.287109375 0.4283854171875 0.283203125 0.4153645828125 0.2783203125 0.4088541671875 0.2705078125 0.4088541671875 0.2626953125 0.421875 0.2236328125 0.4401041671875 0.212890625 0.4518229171875 0.2158203125 0.4583333328125 0.2265625 0.45703125 0.2666015625 0.4375 0.2861328125 0.4375
1 0.2861328125 0.7239583328125 0.296875 0.70703125 0.2939453125 0.703125 0.2841796875 0.7057291671875 0.2451171875 0.7395833328125 0.2314453125 0.7473958328125 0.2236328125 0.7473958328125 0.220703125 0.7513020828125 0.22265625 0.76953125 0.2275390625 0.7734375 0.234375 0.7721354171875 0.2548828125 0.7473958328125 0.2861328125 0.7239583328125
1 0.46875 0.1966145828125 0.4521484375 0.1744791671875 0.4404296875 0.1744791671875 0.427734375 0.19140625 0.42578125 0.20963541718749998 0.4384765625 0.23177083281250002 0.4462890625 0.234375 0.458984375 0.23307291718749998 0.470703125 0.20442708281250002 0.46875 0.1966145828125
1 0.0986328125 0.3723958328125 0.1279296875 0.3697916671875 0.1298828125 0.3671875 0.1474609375 0.3671875 0.1650390625 0.3619791671875 0.1884765625 0.3645833328125 0.193359375 0.3580729171875 0.193359375 0.34765625 0.1845703125 0.3359375 0.1767578125 0.3359375 0.1708984375 0.34375 0.1611328125 0.34375 0.1357421875 0.3515625 0.1220703125 0.3515625 0.1201171875 0.3541666671875 0.1064453125 0.3541666671875 0.1044921875 0.3567708328125 0.0751953125 0.359375 0.0615234375 0.3645833328125 0.0498046875 0.3645833328125 0.037109375 0.37109375 0.0400390625 0.3776041671875 0.07421875 0.3763020828125 0.0966796875 0.375 0.0986328125 0.3723958328125
1 0.2919921875 0.5755208328125 0.2666015625 0.5598958328125 0.2490234375 0.5442708328125 0.2255859375 0.53125 0.2099609375 0.5182291671875 0.2060546875 0.5182291671875 0.1904296875 0.4973958328125 0.1767578125 0.4947916671875 0.171875 0.5013020828125 0.169921875 0.5169270828125 0.1728515625 0.5208333328125 0.1865234375 0.5208333328125 0.2939453125 0.5989583328125 0.30859375 0.6002604171875 0.306640625 0.58984375 0.2919921875 0.5755208328125
1 0.59375 0.67578125 0.59375 0.66796875 0.587890625 0.65234375 0.5771484375 0.6354166671875 0.5673828125 0.6354166671875 0.5654296875 0.6328125 0.5634765625 0.6354166671875 0.5498046875 0.6354166671875 0.541015625 0.6471354171875 0.53515625 0.6627604171875 0.533203125 0.6705729171875 0.53515625 0.6809895828125 0.5498046875 0.7083333328125 0.578125 0.70703125 0.5859375 0.6966145828125 0.59375 0.67578125
1 0.48046875 0.3684895828125 0.474609375 0.35546875 0.482421875 0.3450520828125 0.4921875 0.3190104171875 0.533203125 0.23307291718749998 0.533203125 0.21744791718749998 0.5244140625 0.20833333281250002 0.5185546875 0.20833333281250002 0.509765625 0.22005208281250002 0.48046875 0.2877604171875 0.474609375 0.2955729171875 0.462890625 0.3268229171875 0.4541015625 0.3385416671875 0.4423828125 0.3411458328125 0.4375 0.3502604171875 0.4375 0.3580729171875 0.44140625 0.3658854171875 0.4560546875 0.3802083328125 0.4677734375 0.3854166671875 0.4765625 0.3841145828125 0.48046875 0.3763020828125 0.48046875 0.3684895828125