0 1 0.0247395828125 0.9423828125 0.0234375 0.9404296875 0.0260416671875 0.8701171875 0.0260416671875 0.8681640625 0.0286458328125 0.7314453125 0.03125 0.7294921875 0.0338541671875 0.7236328125 0.03125 0.7216796875 0.0338541671875 0.6748046875 0.0338541671875 0.6728515625 0.0364583328125 0.6494140625 0.0364583328125 0.6474609375 0.0338541671875 0.6435546875 0.0364583328125 0.6396484375 0.0338541671875 0.6181640625 0.0364583328125 0.6142578125 0.0338541671875 0.6123046875 0.0364583328125 0.4814453125 0.0364583328125 0.4794921875 0.0390625 0.4736328125 0.0364583328125 0.4716796875 0.0390625 0.3935546875 0.0390625 0.3916015625 0.0416666671875 0.2705078125 0.0416666671875 0.2685546875 0.0442708328125 0.2080078125 0.0442708328125 0.2060546875 0.046875 0.0009765625 0.046875 0 0.9700520828125001 0.0302734375 0.9713541671874999 0.0322265625 0.9739583328125001 0.103515625 0.97265625 0.2021484375 0.9713541671874999 0.2041015625 0.96875 0.2080078125 0.9713541671874999 0.2177734375 0.96875 0.2197265625 0.9713541671874999 0.2314453125 0.9713541671874999 0.2333984375 0.96875 0.2353515625 0.9713541671874999 0.2509765625 0.9713541671874999 0.2529296875 0.96875 0.2587890625 0.9713541671874999 0.2626953125 0.96875 0.3193359375 0.96875 0.3212890625 0.9713541671874999 0.3251953125 0.96875 0.4990234375 0.96875 0.5009765625 0.9661458328125001 0.5068359375 0.96875 0.5380859375 0.9661458328125001 0.5419921875 0.96875 0.5439453125 0.9661458328125001 0.5615234375 0.9661458328125001 0.5634765625 0.9635416671874999 0.6240234375 0.9661458328125001 0.6259765625 0.9635416671874999 0.6494140625 0.9635416671874999 0.6513671875 0.9609375 0.6826171875 0.9609375 0.6845703125 0.9635416671874999 0.9853515625 0.9635416671874999 0.9873046875 0.9609375 0.9970703125 0.9609375 1 0.95703125 1 0.0247395828125
1 0.259765625 0.2825520828125 0.251953125 0.2721354171875 0.263671875 0.23046875 0.265625 0.20703125 0.2587890625 0.1953125 0.2470703125 0.1927083328125 0.240234375 0.20442708281250002 0.228515625 0.2643229171875 0.2197265625 0.2630208328125 0.216796875 0.2669270828125 0.21484375 0.28515625 0.2333984375 0.3020833328125 0.2392578125 0.3046875 0.25390625 0.3033854171875 0.2578125 0.2981770828125 0.259765625 0.2825520828125
1 0.462890625 0.23046875 0.46875 0.20963541718749998 0.46875 0.19921875 0.4560546875 0.1770833328125 0.4384765625 0.1744791671875 0.427734375 0.1940104171875 0.42578125 0.20963541718749998 0.4404296875 0.23697916718749998 0.453125 0.23567708281250002 0.4599609375 0.234375 0.462890625 0.23046875
1 0.474609375 0.3528645828125 0.533203125 0.23046875 0.533203125 0.21744791718749998 0.5263671875 0.20833333281250002 0.5185546875 0.20833333281250002 0.51171875 0.21744791718749998 0.4765625 0.2903645828125 0.4609375 0.3294270828125 0.4541015625 0.3385416671875 0.4423828125 0.3385416671875 0.435546875 0.3502604171875 0.435546875 0.35546875 0.4501953125 0.375 0.4677734375 0.3854166671875 0.474609375 0.3841145828125 0.48046875 0.3736979171875 0.474609375 0.3528645828125
1 0.501953125 0.55859375 0.501953125 0.5533854171875 0.5234375 0.51171875 0.525390625 0.5013020828125 0.53125 0.4934895828125 0.533203125 0.4830729171875 0.5390625 0.4752604171875 0.544921875 0.4596354171875 0.5478515625 0.4557291671875 0.5634765625 0.4583333328125 0.5703125 0.44921875 0.5703125 0.4361979171875 0.5654296875 0.4296875 0.5400390625 0.4140625 0.5302734375 0.4036458328125 0.5224609375 0.4010416671875 0.515625 0.4075520828125 0.513671875 0.4205729171875 0.5234375 0.43359375 0.5234375 0.4388020828125 0.515625 0.4622395828125 0.4765625 0.5455729171875 0.474609375 0.5768229171875 0.47265625 0.5794270828125 0.4765625 0.58203125 0.4892578125 0.5755208328125 0.501953125 0.55859375
1 0.42578125 0.64453125 0.4169921875 0.6302083328125 0.4052734375 0.6302083328125 0.39453125 0.6393229171875 0.392578125 0.6627604171875 0.4013671875 0.6744791671875 0.4140625 0.6731770828125 0.423828125 0.6627604171875 0.42578125 0.64453125
1 0.2724609375 0.7317708328125 0.2861328125 0.7239583328125 0.296875 0.70703125 0.2939453125 0.703125 0.2880859375 0.7057291671875 0.2353515625 0.7473958328125 0.2236328125 0.7473958328125 0.220703125 0.7513020828125 0.22265625 0.76953125 0.2255859375 0.7734375 0.234375 0.7721354171875 0.2451171875 0.7552083328125 0.2724609375 0.7317708328125
1 0.15234375 0.7252604171875 0.16015625 0.7044270828125 0.162109375 0.68359375 0.158203125 0.6653645828125 0.1455078125 0.6458333328125 0.1279296875 0.6354166671875 0.1123046875 0.6354166671875 0.0947265625 0.6458333328125 0.08203125 0.6653645828125 0.078125 0.6783854171875 0.078125 0.70703125 0.083984375 0.72265625 0.0966796875 0.7395833328125 0.1142578125 0.7473958328125 0.123046875 0.74609375 0.1396484375 0.7395833328125 0.15234375 0.7252604171875
1 0.2998046875 0.5833333328125 0.2353515625 0.5390625 0.2314453125 0.5338541671875 0.2041015625 0.5182291671875 0.1943359375 0.5104166671875 0.1865234375 0.4947916671875 0.1806640625 0.4921875 0.169921875 0.50390625 0.16796875 0.5143229171875 0.1708984375 0.5182291671875 0.1845703125 0.5182291671875 0.2958984375 0.5989583328125 0.30859375 0.6002604171875 0.30859375 0.5950520828125 0.2998046875 0.5833333328125
1 0.3134765625 0.4947916671875 0.310546875 0.4908854171875 0.310546875 0.45703125 0.314453125 0.4361979171875 0.3125 0.4231770828125 0.314453125 0.4205729171875 0.31640625 0.3815104171875 0.318359375 0.37890625 0.31640625 0.3736979171875 0.318359375 0.3580729171875 0.314453125 0.3450520828125 0.3095703125 0.3385416671875 0.3017578125 0.3385416671875 0.291015625 0.3606770828125 0.2890625 0.3997395828125 0.287109375 0.40234375 0.2890625 0.4127604171875 0.28515625 0.4205729171875 0.287109375 0.43359375 0.283203125 0.45703125 0.28515625 0.46484375 0.283203125 0.48828125 0.2802734375 0.4921875 0.2724609375 0.4921875 0.267578125 0.4986979171875 0.267578125 0.5169270828125 0.2724609375 0.5208333328125 0.32421875 0.51953125 0.326171875 0.4986979171875 0.3134765625 0.4947916671875
1 0.09375 0.51171875 0.095703125 0.4986979171875 0.0869140625 0.4869791671875 0.0693359375 0.4869791671875 0.0654296875 0.4895833328125 0.060546875 0.4986979171875 0.060546875 0.51171875 0.0673828125 0.5208333328125 0.083984375 0.51953125 0.0888671875 0.5182291671875 0.09375 0.51171875
1 0.1416015625 0.3645833328125 0.1708984375 0.3619791671875 0.1728515625 0.359375 0.1884765625 0.3645833328125 0.193359375 0.3606770828125 0.193359375 0.3450520828125 0.1806640625 0.3333333328125 0.1728515625 0.34375 0.1533203125 0.3489583328125 0.1396484375 0.3489583328125 0.1376953125 0.3515625 0.1240234375 0.3515625 0.1123046875 0.3567708328125 0.0947265625 0.3567708328125 0.0927734375 0.359375 0.0517578125 0.3645833328125 0.037109375 0.3736979171875 0.0400390625 0.3776041671875 0.068359375 0.3763020828125 0.1396484375 0.3671875 0.1416015625 0.3645833328125
1 0.169921875 0.2643229171875 0.162109375 0.23567708281250002 0.1494140625 0.22135416718749998 0.1220703125 0.21875 0.10546875 0.24609375 0.10546875 0.2591145828125 0.11328125 0.2825520828125 0.1259765625 0.2916666671875 0.150390625 0.29296875 0.162109375 0.2799479171875 0.169921875 0.2643229171875