0 0.2021484375 0.96875 0.2080078125 0.9713541671874999 0.2177734375 0.96875 0.2197265625 0.9713541671874999 0.2509765625 0.9713541671874999 0.2529296875 0.96875 0.2568359375 0.9713541671874999 0.2626953125 0.96875 0.2724609375 0.96875 0.2744140625 0.9713541671874999 0.2763671875 0.96875 0.3193359375 0.96875 0.3212890625 0.9713541671874999 0.3251953125 0.96875 0.4990234375 0.96875 0.5009765625 0.9661458328125001 0.5068359375 0.96875 0.5146484375 0.9661458328125001 0.5419921875 0.96875 0.5439453125 0.9661458328125001 0.6259765625 0.9661458328125001 0.6279296875 0.9635416671874999 0.6494140625 0.9635416671874999 0.6513671875 0.9609375 0.6748046875 0.9609375 0.6767578125 0.9635416671874999 0.6806640625 0.9609375 0.6845703125 0.9635416671874999 0.9150390625 0.9635416671874999 0.9169921875 0.9609375 0.9189453125 0.9635416671874999 0.9873046875 0.9635416671874999 0.9892578125 0.9609375 0.9990234375 0.9609375 1 0.0247395828125 0.9931640625 0.0208333328125 0.9912109375 0.0234375 0.9501953125 0.0234375 0.9482421875 0.0260416671875 0.9423828125 0.0234375 0.9404296875 0.0260416671875 0.8662109375 0.0260416671875 0.8642578125 0.0286458328125 0.7978515625 0.0286458328125 0.7958984375 0.03125 0.7177734375 0.03125 0.7158203125 0.0338541671875 0.6748046875 0.0338541671875 0.6728515625 0.0364583328125 0.6630859375 0.0364583328125 0.6611328125 0.0338541671875 0.6591796875 0.0364583328125 0.6533203125 0.0338541671875 0.5556640625 0.0364583328125 0.5498046875 0.0338541671875 0.5478515625 0.0364583328125 0.4658203125 0.0364583328125 0.4638671875 0.0390625 0.3896484375 0.0390625 0.3876953125 0.0416666671875 0.2587890625 0.0416666671875 0.2568359375 0.0442708328125 0.2080078125 0.0442708328125 0.2060546875 0.046875 0.0009765625 0.046875 0 0.9700520828125001 0.0302734375 0.9713541671874999 0.0322265625 0.9739583328125001 0.103515625 0.97265625 0.2001953125 0.9713541671874999 0.2021484375 0.96875
1 0.1396484375 0.23958333281250002 0.1494140625 0.23697916718749998 0.1591796875 0.22916666718749998 0.1865234375 0.21614583281250002 0.193359375 0.20703125 0.19140625 0.19921875 0.1806640625 0.1848958328125 0.1728515625 0.1848958328125 0.1240234375 0.21354166718749998 0.1162109375 0.20572916718749998 0.1005859375 0.20833333281250002 0.095703125 0.21744791718749998 0.109375 0.24609375 0.1220703125 0.2604166671875 0.1328125 0.2591145828125 0.138671875 0.25390625 0.1396484375 0.23958333281250002
1 0.322265625 0.20703125 0.326171875 0.18359375 0.3076171875 0.1588541671875 0.2998046875 0.1536458328125 0.2861328125 0.1536458328125 0.279296875 0.1627604171875 0.27734375 0.1705729171875 0.279296875 0.1861979171875 0.283203125 0.1966145828125 0.2978515625 0.21614583281250002 0.302734375 0.21744791718749998 0.3173828125 0.21354166718749998 0.322265625 0.20703125
1 0.53125 0.3190104171875 0.533203125 0.3033854171875 0.5263671875 0.2942708328125 0.5126953125 0.2942708328125 0.45703125 0.20182291718749998 0.4404296875 0.1796875 0.4365234375 0.1770833328125 0.4287109375 0.1796875 0.42578125 0.1861979171875 0.42578125 0.19921875 0.4296875 0.20963541718749998 0.494140625 0.31640625 0.4921875 0.3372395828125 0.4990234375 0.3463541671875 0.50390625 0.3450520828125 0.5146484375 0.3385416671875 0.53125 0.3190104171875
1 0.505859375 0.4752604171875 0.505859375 0.4361979171875 0.501953125 0.4205729171875 0.4970703125 0.4140625 0.4853515625 0.4140625 0.48046875 0.4205729171875 0.4755859375 0.4375 0.3818359375 0.4322916671875 0.36328125 0.4466145828125 0.3720703125 0.4609375 0.3857421875 0.46875 0.4248046875 0.46875 0.4443359375 0.4739583328125 0.4462890625 0.4713541671875 0.4560546875 0.4739583328125 0.4716796875 0.4739583328125 0.4736328125 0.4713541671875 0.478515625 0.4778645828125 0.48046875 0.4908854171875 0.4833984375 0.4947916671875 0.4873046875 0.4973958328125 0.494140625 0.49609375 0.501953125 0.4908854171875 0.505859375 0.4752604171875
1 0.255859375 0.4075520828125 0.251953125 0.40234375 0.251953125 0.3919270828125 0.328125 0.30078125 0.328125 0.2955729171875 0.333984375 0.2877604171875 0.333984375 0.2799479171875 0.3310546875 0.2760416671875 0.3154296875 0.2760416671875 0.3095703125 0.28125 0.3037109375 0.28125 0.2783203125 0.3151041671875 0.2705078125 0.3203125 0.2529296875 0.34375 0.2470703125 0.3463541671875 0.2294921875 0.3671875 0.2216796875 0.3671875 0.2177734375 0.3619791671875 0.2119140625 0.3619791671875 0.203125 0.3736979171875 0.205078125 0.38671875 0.2177734375 0.4036458328125 0.2236328125 0.40625 0.2333984375 0.421875 0.2373046875 0.4244791671875 0.248046875 0.4231770828125 0.255859375 0.4153645828125 0.255859375 0.4075520828125
1 0.115234375 0.3528645828125 0.111328125 0.33984375 0.0986328125 0.3333333328125 0.0888671875 0.3333333328125 0.080078125 0.34765625 0.083984375 0.3606770828125 0.0908203125 0.3671875 0.10546875 0.3684895828125 0.111328125 0.36328125 0.115234375 0.3528645828125
1 0.056640625 0.47265625 0.05859375 0.45703125 0.0517578125 0.4479166671875 0.0322265625 0.4453125 0.025390625 0.4518229171875 0.0234375 0.4700520828125 0.0302734375 0.4791666671875 0.0390625 0.48046875 0.0498046875 0.4791666671875 0.056640625 0.47265625
1 0.18359375 0.5533854171875 0.1728515625 0.546875 0.1318359375 0.484375 0.1181640625 0.4765625 0.1171875 0.4856770828125 0.158203125 0.55078125 0.16015625 0.5559895828125 0.158203125 0.5690104171875 0.1611328125 0.5729166671875 0.166015625 0.5716145828125 0.1748046875 0.5677083328125 0.18359375 0.5533854171875
1 0.310546875 0.65234375 0.310546875 0.6471354171875 0.3046875 0.63671875 0.298828125 0.5872395828125 0.2939453125 0.5807291671875 0.2900390625 0.5807291671875 0.283203125 0.58984375 0.287109375 0.6158854171875 0.287109375 0.63671875 0.2890625 0.6393229171875 0.2890625 0.6471354171875 0.28515625 0.6575520828125 0.2900390625 0.6640625 0.296875 0.6627604171875 0.3056640625 0.6588541671875 0.310546875 0.65234375
1 0.365234375 0.6575520828125 0.365234375 0.6419270828125 0.3564453125 0.6302083328125 0.3466796875 0.6302083328125 0.3349609375 0.6380208328125 0.330078125 0.6497395828125 0.33203125 0.6653645828125 0.3388671875 0.6744791671875 0.34765625 0.67578125 0.3583984375 0.671875 0.365234375 0.6575520828125
1 0.478515625 0.69140625 0.4677734375 0.6744791671875 0.4521484375 0.6744791671875 0.44140625 0.69140625 0.44140625 0.7044270828125 0.4453125 0.71484375 0.4541015625 0.7239583328125 0.46484375 0.72265625 0.4765625 0.7096354171875 0.478515625 0.69140625
1 0.23828125 0.80859375 0.224609375 0.78515625 0.185546875 0.7122395828125 0.1806640625 0.7057291671875 0.1748046875 0.7083333328125 0.169921875 0.7174479171875 0.21484375 0.7955729171875 0.23046875 0.8268229171874999 0.228515625 0.8346354171874999 0.232421875 0.8346354171874999 0.24609375 0.81640625 0.23828125 0.80859375
1 0.12890625 0.6966145828125 0.119140625 0.6861979171875 0.064453125 0.5794270828125 0.0576171875 0.5703125 0.0517578125 0.5703125 0.048828125 0.57421875 0.05078125 0.5846354171875 0.107421875 0.6940104171875 0.111328125 0.7096354171875 0.1171875 0.7096354171875 0.1259765625 0.7057291671875 0.12890625 0.6966145828125
1 0.0615234375 0.7864583328125 0.068359375 0.7747395828125 0.07421875 0.7565104171875 0.072265625 0.73828125 0.0556640625 0.7161458328125 0.0380859375 0.71875 0.0205078125 0.7265625 0.009765625 0.7486979171875 0.005859375 0.7643229171875 0.009765625 0.7747395828125 0.0224609375 0.7942708328125 0.0263671875 0.796875 0.033203125 0.7955729171875 0.0458984375 0.7942708328125 0.0615234375 0.7864583328125