0 0.3447265625 0.9661458328125001 0.3486328125 0.96875 0.3564453125 0.9661458328125001 0.3642578125 0.96875 0.3935546875 0.9661458328125001 0.3994140625 0.96875 0.4013671875 0.9661458328125001 0.5146484375 0.9661458328125001 0.5166015625 0.9635416671874999 0.5185546875 0.9661458328125001 0.5283203125 0.9661458328125001 0.5302734375 0.9635416671874999 0.5498046875 0.9661458328125001 0.5517578125 0.9635416671874999 0.6298828125 0.9635416671874999 0.6318359375 0.9609375 0.6416015625 0.9635416671874999 0.6513671875 0.9635416671874999 0.6533203125 0.9609375 0.6630859375 0.9609375 0.6650390625 0.9635416671874999 0.6689453125 0.9609375 0.6884765625 0.9609375 0.6904296875 0.9635416671874999 0.8232421875 0.9635416671874999 0.8251953125 0.9609375 0.8330078125 0.9635416671874999 0.8369140625 0.9609375 0.9072265625 0.9635416671874999 0.9091796875 0.9609375 0.9111328125 0.9635416671874999 0.9130859375 0.9609375 0.9443359375 0.9609375 0.9462890625 0.9635416671874999 0.9560546875 0.9635416671874999 0.9580078125 0.9609375 0.9951171875 0.9609375 0.9990234375 0.9583333328125001 1 0.0247395828125 0.9970703125 0.0208333328125 0.9853515625 0.0208333328125 0.9833984375 0.0234375 0.9326171875 0.0234375 0.9306640625 0.0260416671875 0.9287109375 0.0234375 0.9267578125 0.0260416671875 0.8466796875 0.0260416671875 0.8447265625 0.0286458328125 0.7021484375 0.03125 0.7001953125 0.0338541671875 0.6904296875 0.03125 0.6708984375 0.0364583328125 0.6650390625 0.0338541671875 0.6591796875 0.0364583328125 0.6494140625 0.0364583328125 0.6474609375 0.0338541671875 0.5556640625 0.0364583328125 0.5478515625 0.0338541671875 0.5458984375 0.0364583328125 0.3837890625 0.0390625 0.3818359375 0.0416666671875 0.2666015625 0.0416666671875 0.2646484375 0.0442708328125 0.2587890625 0.0416666671875 0.2568359375 0.0442708328125 0.2177734375 0.0442708328125 0.2158203125 0.046875 0.2099609375 0.0442708328125 0.2080078125 0.046875 0.0673828125 0.046875 0.0654296875 0.0494791671875 0.0615234375 0.046875 0.0576171875 0.0494791671875 0.0556640625 0.046875 0.0009765625 0.046875 0 0.9674479171874999 0.0068359375 0.9713541671874999 0.0087890625 0.96875 0.0224609375 0.96875 0.0244140625 0.9713541671874999 0.0263671875 0.96875 0.0322265625 0.9713541671874999 0.13671875 0.9700520828125001 0.3427734375 0.96875 0.3447265625 0.9661458328125001
1 0.27734375 0.69140625 0.275390625 0.6653645828125 0.2734375 0.6627604171875 0.275390625 0.6549479171875 0.2734375 0.6315104171875 0.26953125 0.6236979171875 0.271484375 0.6106770828125 0.267578125 0.60546875 0.26953125 0.5950520828125 0.265625 0.5846354171875 0.267578125 0.58203125 0.267578125 0.56640625 0.28125 0.5611979171875 0.28125 0.5403645828125 0.2744140625 0.53125 0.2470703125 0.53125 0.2236328125 0.5390625 0.220703125 0.54296875 0.220703125 0.5638020828125 0.2236328125 0.5729166671875 0.2353515625 0.5729166671875 0.23828125 0.5768229171875 0.23828125 0.5872395828125 0.2421875 0.59765625 0.240234375 0.6106770828125 0.2421875 0.61328125 0.24609375 0.6705729171875 0.248046875 0.6731770828125 0.24609375 0.6861979171875 0.25 0.69140625 0.248046875 0.7018229171875 0.2626953125 0.7239583328125 0.265625 0.72265625 0.2734375 0.7096354171875 0.27734375 0.69140625
1 0.33203125 0.4856770828125 0.322265625 0.4752604171875 0.3125 0.40234375 0.306640625 0.3815104171875 0.3017578125 0.3776041671875 0.302734375 0.4127604171875 0.3125 0.4700520828125 0.3125 0.4856770828125 0.30859375 0.4934895828125 0.3134765625 0.4973958328125 0.318359375 0.49609375 0.3310546875 0.4921875 0.33203125 0.4856770828125
1 0.376953125 0.3736979171875 0.375 0.3502604171875 0.3720703125 0.34375 0.3525390625 0.3333333328125 0.3359375 0.3450520828125 0.333984375 0.3502604171875 0.333984375 0.3736979171875 0.3388671875 0.3828125 0.3486328125 0.390625 0.3525390625 0.3932291671875 0.359375 0.3919270828125 0.375 0.37890625 0.376953125 0.3736979171875
1 0.40234375 0.4518229171875 0.40234375 0.43359375 0.3935546875 0.4244791671875 0.3857421875 0.4244791671875 0.376953125 0.43359375 0.376953125 0.44921875 0.3837890625 0.4583333328125 0.392578125 0.4596354171875 0.3974609375 0.4583333328125 0.40234375 0.4518229171875
1 0.470703125 0.40234375 0.4619140625 0.390625 0.4560546875 0.3880208328125 0.4453125 0.39453125 0.443359375 0.4127604171875 0.4521484375 0.4244791671875 0.4609375 0.4231770828125 0.466796875 0.4205729171875 0.470703125 0.40234375
1 0.5986328125 0.4375 0.5322265625 0.390625 0.5166015625 0.3776041671875 0.5107421875 0.3671875 0.50390625 0.3736979171875 0.5 0.3841145828125 0.5009765625 0.390625 0.5087890625 0.390625 0.5830078125 0.4453125 0.5947265625 0.453125 0.599609375 0.4518229171875 0.6015625 0.44140625 0.5986328125 0.4375
1 0.3935546875 0.5234375 0.4111328125 0.5234375 0.4130859375 0.5208333328125 0.4892578125 0.5104166671875 0.494140625 0.50390625 0.4892578125 0.4973958328125 0.4736328125 0.5026041671875 0.4580078125 0.5026041671875 0.4560546875 0.5052083328125 0.4404296875 0.5052083328125 0.4384765625 0.5078125 0.4228515625 0.5078125 0.4208984375 0.5104166671875 0.4052734375 0.5104166671875 0.3857421875 0.515625 0.3681640625 0.5130208328125 0.3671875 0.5299479171875 0.3701171875 0.5338541671875 0.373046875 0.5325520828125 0.3759765625 0.5286458328125 0.3935546875 0.5234375
1 0.5703125 0.5481770828125 0.572265625 0.5299479171875 0.5615234375 0.5130208328125 0.5458984375 0.5130208328125 0.5390625 0.51953125 0.53515625 0.5299479171875 0.53515625 0.54296875 0.5419921875 0.5572916671875 0.5498046875 0.5625 0.556640625 0.5611979171875 0.5615234375 0.5598958328125 0.5703125 0.5481770828125
1 0.51171875 0.59765625 0.5087890625 0.59375 0.5009765625 0.5963541671875 0.4619140625 0.5807291671875 0.4560546875 0.5807291671875 0.453125 0.5872395828125 0.4560546875 0.5963541671875 0.4853515625 0.609375 0.4912109375 0.609375 0.4990234375 0.6197916671875 0.5078125 0.6184895828125 0.51171875 0.60546875 0.51171875 0.59765625
1 0.390625 0.6471354171875 0.392578125 0.6263020828125 0.3818359375 0.6119791671875 0.3642578125 0.6171875 0.359375 0.62890625 0.359375 0.6419270828125 0.3701171875 0.65625 0.380859375 0.6549479171875 0.3857421875 0.6536458328125 0.390625 0.6471354171875