0 1 0.0187285953125 0.966102375 0.0187285953125 0.9640965984375001 0.0160530828125 0.8377326703125 0.0187285953125 0.8297095640625001 0.0160530828125 0.823692234375 0.0187285953125 0.8216864562499999 0.0160530828125 0.68328786875 0.0160530828125 0.6812820921875 0.0187285953125 0.66724165625 0.0187285953125 0.6592185500000001 0.0160530828125 0.6572127734375 0.0187285953125 0.6471838890625 0.0187285953125 0.6451781125 0.0160530828125 0.633143453125 0.0160530828125 0.6271261234375001 0.0187285953125 0.625120346875 0.0160530828125 0.5448892812499999 0.0160530828125 0.5428835046875 0.013377568749999999 0.5228257375 0.0160530828125 0.5208199609374999 0.013377568749999999 0.388438703125 0.013377568749999999 0.3864329265625 0.0107020546875 0.3583520546875 0.013377568749999999 0.350328946875 0.0107020546875 0.3443116171875 0.013377568749999999 0.342305840625 0.0107020546875 0.11665596874999999 0.0093642984375 0.009346918749999999 0.008026540625 0.0033295890625 0.0107020546875 0.0013238125 0.008026540625 0 0.0097923796875 0 0.9578339046875 0.1878610390625 0.9578339046875 0.1938783703125 0.9605094171875 0.1978899234375 0.9578339046875 0.1998957 0.9605094171875 0.23800545624999997 0.9605094171875 0.2400112328125 0.96318493125 0.2480343390625 0.9605094171875 0.250040115625 0.96318493125 0.364369384375 0.96318493125 0.3663751609375 0.9658604453124999 0.44660622656250004 0.9658604453124999 0.44861200312499994 0.968535959375 0.45262355625 0.9658604453124999 0.45663510937499996 0.968535959375 0.4586408859375 0.9658604453124999 0.4606466625 0.968535959375 0.536866175 0.968535959375 0.5388719515625 0.971211471875 0.548900834375 0.968535959375 0.633143453125 0.971211471875 0.63715500625 0.968535959375 0.641166559375 0.971211471875 0.6431723359375 0.968535959375 0.65320121875 0.968535959375 0.655206996875 0.971211471875 0.6812820921875 0.971211471875 0.68328786875 0.9738869859375001 0.695322528125 0.971211471875 0.69732830625 0.9738869859375001 0.7655247109375 0.9738869859375001 0.7695362640625001 0.9765625 0.77555359375 0.9738869859375001 0.7775593703125 0.9765625 1 0.9831561546875 1 0.0187285953125
1 0.40649069375 0.6046660953125 0.3944560328125 0.6126926375 0.387435815625 0.6247324484375001 0.38944159218749996 0.6514875859375 0.40448491718749996 0.6662029109375001 0.410502246875 0.6662029109375001 0.418525353125 0.6608518828125 0.429557125 0.648812071875 0.429557125 0.619381421875 0.42253690625000007 0.61536815 0.4155166875 0.606003853125 0.40649069375 0.6046660953125
1 0.364369384375 0.49764554843750003 0.36136071875 0.50165881875 0.365372271875 0.5070098453125 0.365372271875 0.5257384421875 0.3593549421875 0.5471425515624999 0.35734916562499996 0.5738976890624999 0.3533376125 0.5899507703125 0.3513318359375 0.61403039375 0.3543405 0.620719178125 0.35734916562499996 0.619381421875 0.365372271875 0.592626284375 0.365372271875 0.5819242296875 0.37740693125 0.5177119 0.3854300390625 0.5096853593749999 0.3824213734375 0.5003210609375001 0.37740693125 0.49898330468749996 0.364369384375 0.49764554843750003
1 0.4405888953125 0.5351027390625 0.43156290156250005 0.5471425515624999 0.433568678125 0.565871146875 0.4425946734375 0.57255993125 0.44861200312499994 0.57255993125 0.45964377343749996 0.55784460625 0.45763799687500006 0.5444670375 0.44961489062500004 0.536440496875 0.4405888953125 0.5351027390625
1 0.5087853015625 0.5698844171874999 0.49975930625 0.58459974375 0.49975930625 0.5953017984375 0.506779525 0.6073416093749999 0.518814184375 0.6073416093749999 0.5278401796875001 0.5953017984375 0.525834403125 0.579248715625 0.5158055203125 0.571222175 0.5087853015625 0.5698844171874999
1 0.65320121875 0.5431292812499999 0.587010590625 0.593964040625 0.570964378125 0.6046660953125 0.5589297171875 0.6073416093749999 0.5599326062500001 0.619381421875 0.5689586 0.6314212328125001 0.5769817078125 0.6180436640625 0.6612243265625 0.55650685 0.664232990625 0.552493578125 0.6622272140625001 0.5444670375 0.65320121875 0.5431292812499999
1 0.4235397953125 0.4615261125 0.42153401874999996 0.4722281671875 0.42253690625000007 0.47891695156249997 0.44660622656250004 0.47891695156249997 0.46666399218750004 0.4842679796875 0.4827102046875 0.4842679796875 0.48471598125000004 0.48694349375 0.5007621953125 0.48694349375 0.502767971875 0.48961900625 0.518814184375 0.48961900625 0.5348603984375 0.494970034375 0.5519095 0.49363227812500005 0.548900834375 0.4842679796875 0.5388719515625 0.481592465625 0.4606466625 0.4708904109375 0.4586408859375 0.468214896875 0.4405888953125 0.468214896875 0.42554557187500003 0.4615261125 0.4235397953125 0.4615261125
1 0.60706835625 0.43075770625 0.594030809375 0.44814854375 0.5960365859375 0.46955265468749996 0.60706835625 0.481592465625 0.6191030171875 0.481592465625 0.6301347875000001 0.46955265468749996 0.6321405640625 0.4508240578125 0.6281290109375 0.44012200312500005 0.6201059046874999 0.43209546249999997 0.60706835625 0.43075770625
1 0.56093549375 0.36922089062499996 0.5509066109375 0.37992294531250004 0.51480263125 0.3933005140625 0.5097881906249999 0.39998929843750003 0.5117939671875 0.4080158390625 0.5228257375 0.40935359531250004 0.5529123874999999 0.395976028125 0.5669528234375 0.395976028125 0.5699614890625 0.39196275625 0.5699614890625 0.375909675 0.5659499359375 0.370558646875 0.56093549375 0.36922089062499996
1 0.426548459375 0.3317636984375 0.42253690625000007 0.3344392125 0.4155166875 0.3438035109375 0.4135109109375 0.354505565625 0.4155166875 0.36788313281249996 0.418525353125 0.3718964046875 0.4365773421875 0.37992294531250004 0.4476091140625 0.36788313281249996 0.44961489062500004 0.357181078125 0.4456033375 0.341127996875 0.4405888953125 0.3344392125 0.4355744546875 0.33310145625 0.426548459375 0.3317636984375
1 0.31422496718750004 0.2622003421875 0.3011874203125 0.28226669531250004 0.29918164375 0.3090218328125 0.3011874203125 0.3116973453125 0.2971758671875 0.3197238875 0.29918164375 0.33310145625 0.295170090625 0.341127996875 0.2971758671875 0.3438035109375 0.2971758671875 0.357181078125 0.29316431249999997 0.38126070156249997 0.295170090625 0.39196275625 0.28915275937499996 0.4160423796875 0.280126765625 0.4173801375 0.27511232343750003 0.424068921875 0.2711007703125 0.4374464890625 0.2711007703125 0.44547303125 0.2781209890625 0.454837328125 0.29216142500000003 0.46018835625000004 0.32224807499999997 0.4628638703125 0.3282654046875 0.46018835625000004 0.335285621875 0.44814854375 0.335285621875 0.43209546249999997 0.319239409375 0.4213934078125 0.3212451859375 0.38126070156249997 0.32525673906249997 0.3598565921875 0.3232509625 0.34647902343750003 0.32726251562500003 0.33577696874999996 0.32525673906249997 0.327750428125 0.3292682921875 0.300995290625 0.32525673906249997 0.287617721875 0.32525673906249997 0.2769156671875 0.3172336328125 0.2635381 0.31422496718750004 0.2622003421875