0 0 0 0 0.9560751749999999 0.18328145468749998 0.9560751749999999 0.1894249671875 0.95880681875 0.1935206421875 0.9560751749999999 0.1955684796875 0.95880681875 0.2344773921875 0.95880681875 0.2365252296875 0.9615384609375001 0.2447165796875 0.95880681875 0.2467644171875 0.9615384609375001 0.363491153125 0.9615384609375001 0.365538990625 0.9642701046875001 0.44745249062500003 0.9642701046875001 0.44950032812499996 0.9670017484375 0.45359600312500004 0.9642701046875001 0.45769167812499995 0.9670017484375 0.45973951562500004 0.9642701046875001 0.46178735312499997 0.9670017484375 0.5396051765625 0.9670017484375 0.5416530140625 0.9697333921875 0.5518922015625 0.9670017484375 0.6379013765625 0.9697333921875 0.6419970515625 0.9670017484375 0.6460927265625 0.9697333921875 0.6481405640625 0.9670017484375 0.6583797515625001 0.9670017484375 0.6604275890625 0.9697333921875 0.687049475 0.9697333921875 0.6890973125000001 0.972465034375 0.7013843375000001 0.9697333921875 0.703432175 0.972465034375 0.7730586500000001 0.972465034375 0.7771543249999999 0.9751966781249999 0.7832978374999999 0.972465034375 0.7853456750000001 0.9751966781249999 1 0.9815595859374999 1 0 0 0
1 0.40649574062499993 0.5954982515625 0.394208715625 0.6036931812499999 0.387041284375 0.6159855765625 0.389089121875 0.6433020109375 0.404447903125 0.6583260484375 0.410591415625 0.6583260484375 0.41878276562499994 0.6528627625000001 0.430045871875 0.6405703671875 0.430045871875 0.610522290625 0.422878440625 0.6064248250000001 0.415711009375 0.5968640734374999 0.40649574062499993 0.5954982515625
1 0.363491153125 0.4862325171875 0.360419396875 0.4903299828125 0.364515071875 0.49579326874999996 0.364515071875 0.5149147734375 0.358371559375 0.5367679203125 0.356323721875 0.5640843531249999 0.352228046875 0.5804742140625 0.350180209375 0.6050590031249999 0.353251965625 0.6118881125 0.356323721875 0.610522290625 0.364515071875 0.58320585625 0.364515071875 0.5722792828125 0.376802096875 0.5067198421875 0.384993446875 0.49852491250000003 0.381921690625 0.48896416093750006 0.376802096875 0.48759833906249994 0.363491153125 0.4862325171875
1 0.44130897812500003 0.5244755249999999 0.43209370937499997 0.5367679203125 0.434141546875 0.5558894234375 0.44335681562499996 0.56271853125 0.44950032812499996 0.56271853125 0.460763434375 0.54769449375 0.458715596875 0.5340362765625 0.450524246875 0.525841346875 0.44130897812500003 0.5244755249999999
1 0.5109354515625 0.5599868875 0.5017201828125 0.5750109265625001 0.5017201828125 0.5859375 0.5088876140624999 0.5982298953125 0.5211746390625 0.5982298953125 0.5303899078125001 0.5859375 0.5283420703124999 0.569547640625 0.5181028828125 0.561352709375 0.5109354515625 0.5599868875
1 0.6583797515625001 0.5326704546875 0.5908011140625 0.584571678125 0.5744184140625 0.5954982515625 0.5621313890625 0.5982298953125 0.5631553078125 0.610522290625 0.5723705765625 0.6228146859375 0.5805619265625 0.60915646875 0.6665711015625 0.546328671875 0.6696428578125 0.54223120625 0.6675950203125 0.5340362765625 0.6583797515625001 0.5326704546875
1 0.423902359375 0.44935533281250006 0.421854521875 0.46028190625 0.422878440625 0.4671110140625 0.44745249062500003 0.4671110140625 0.46793086562499997 0.47257429999999995 0.48431356562500005 0.47257429999999995 0.486361403125 0.47530594375 0.5027441015624999 0.47530594375 0.5047919390625 0.47803758749999997 0.5211746390625 0.47803758749999997 0.5375573390625 0.48350087343750003 0.5549639578125001 0.48213505312500005 0.5518922015625 0.47257429999999995 0.5416530140625 0.4698426578125 0.46178735312499997 0.45891608437500003 0.45973951562500004 0.45618444062499997 0.44130897812500003 0.45618444062499997 0.425950196875 0.44935533281250006 0.423902359375 0.44935533281250006
1 0.6112794890625 0.41794143281249996 0.5979685453125 0.435697115625 0.6000163828125 0.4575502625 0.6112794890625 0.4698426578125 0.6235665140625 0.4698426578125 0.6348296203125 0.4575502625 0.6368774578124999 0.438428759375 0.6327817828125 0.4275021859375 0.6245904328125 0.4193072546875 0.6112794890625 0.41794143281249996
1 0.5641792265625 0.3551136359375 0.5539400390625 0.36604020937500004 0.5170789640625 0.37969842656249997 0.5119593703125 0.386527534375 0.5140072078125 0.394722465625 0.5252703140625 0.3960882859375 0.5559878765625 0.3824300703125 0.5703227390625 0.3824300703125 0.5733944953125001 0.3783326046875 0.5733944953125001 0.36194274531250004 0.5692988203125 0.3564794578125 0.5641792265625 0.3551136359375
1 0.42697411562500004 0.3168706296875 0.422878440625 0.31960227343750003 0.415711009375 0.329163025 0.413663171875 0.3400895984375 0.415711009375 0.3537478140625 0.41878276562499994 0.3578452796875 0.43721330312499995 0.36604020937500004 0.448476409375 0.3537478140625 0.450524246875 0.342821240625 0.446428571875 0.32643138125000004 0.44130897812500003 0.31960227343750003 0.436189384375 0.31823645156249997 0.42697411562500004 0.3168706296875
1 0.312295215625 0.2458479015625 0.298984271875 0.26633522656249997 0.296936434375 0.2936516609375 0.298984271875 0.2963833046875 0.294888596875 0.304578234375 0.296936434375 0.31823645156249997 0.2928407609375 0.32643138125000004 0.294888596875 0.329163025 0.294888596875 0.342821240625 0.2907929234375 0.36740603125 0.2928407609375 0.3783326046875 0.2866972484375 0.40291739531250004 0.2774819796875 0.40428321718750004 0.2723623859375 0.41111232500000006 0.2682667109375 0.4247705421875 0.2682667109375 0.43296547187499995 0.2754341421875 0.44252622343750003 0.2897690046875 0.44798951093749995 0.320486565625 0.45072115312500005 0.326630078125 0.44798951093749995 0.33379750937499997 0.435697115625 0.33379750937499997 0.4193072546875 0.317414809375 0.40838068125 0.31946264687500003 0.36740603125 0.323558321875 0.345552884375 0.32151048437499996 0.3318946671875 0.32560615937500004 0.32096809375 0.323558321875 0.3127731640625 0.32765399687499996 0.28545673125 0.323558321875 0.2717985140625 0.323558321875 0.260871940625 0.31536697187499996 0.24721372343749998 0.312295215625 0.2458479015625