0 1 0.0221354171875 0.7802734375 0.0286458328125 0.7783203125 0.03125 0.7724609375 0.0286458328125 0.7685546875 0.03125 0.7021484375 0.03125 0.7001953125 0.0338541671875 0.6884765625 0.03125 0.6865234375 0.0338541671875 0.6611328125 0.0338541671875 0.6591796875 0.0364583328125 0.6494140625 0.0364583328125 0.6474609375 0.0338541671875 0.6435546875 0.0364583328125 0.6396484375 0.0338541671875 0.5576171875 0.0364583328125 0.5478515625 0.0338541671875 0.5458984375 0.0364583328125 0.4716796875 0.0364583328125 0.4697265625 0.0390625 0.4677734375 0.0364583328125 0.4638671875 0.0390625 0.4599609375 0.0364583328125 0.4580078125 0.0390625 0.3798828125 0.0390625 0.3779296875 0.0416666671875 0.2666015625 0.0416666671875 0.2646484375 0.0442708328125 0.2568359375 0.0416666671875 0.2548828125 0.0442708328125 0.2177734375 0.0442708328125 0.2158203125 0.046875 0.2119140625 0.0442708328125 0.2060546875 0.046875 0.0009765625 0.046875 0 0.9674479171874999 0.0224609375 0.96875 0.0244140625 0.9713541671874999 0.0263671875 0.96875 0.0322265625 0.9713541671874999 0.13671875 0.9700520828125001 0.3564453125 0.96875 0.3583984375 0.9661458328125001 0.3642578125 0.96875 0.3720703125 0.9661458328125001 0.3994140625 0.96875 0.4013671875 0.9661458328125001 0.5302734375 0.9661458328125001 0.5322265625 0.9635416671874999 0.5517578125 0.9661458328125001 0.5537109375 0.9635416671874999 0.6318359375 0.9635416671874999 0.6337890625 0.9609375 0.6396484375 0.9635416671874999 0.6513671875 0.9635416671874999 0.6533203125 0.9609375 0.6630859375 0.9609375 0.6650390625 0.9635416671874999 0.6728515625 0.9609375 0.6865234375 0.9609375 0.6884765625 0.9635416671874999 0.8232421875 0.9635416671874999 0.8251953125 0.9609375 0.8310546875 0.9635416671874999 0.8388671875 0.9609375 0.9619140625 0.9635416671874999 0.9638671875 0.9609375 0.9970703125 0.9609375 1 0.95703125 1 0.0221354171875
1 0.44140625 0.3763020828125 0.44140625 0.34765625 0.4306640625 0.3359375 0.4228515625 0.3307291671875 0.4169921875 0.3307291671875 0.40234375 0.3450520828125 0.400390625 0.37109375 0.4072265625 0.3828125 0.4189453125 0.390625 0.427734375 0.3893229171875 0.4345703125 0.3802083328125 0.44140625 0.3763020828125
1 0.3984375 0.4830729171875 0.390625 0.4752604171875 0.37890625 0.4127604171875 0.37890625 0.40234375 0.37109375 0.3763020828125 0.3681640625 0.375 0.365234375 0.3815104171875 0.3671875 0.4049479171875 0.37109375 0.4205729171875 0.373046875 0.4466145828125 0.37890625 0.4674479171875 0.37890625 0.4856770828125 0.375 0.4908854171875 0.3779296875 0.4947916671875 0.390625 0.4934895828125 0.3955078125 0.4921875 0.3984375 0.4830729171875
1 0.470703125 0.4361979171875 0.4599609375 0.421875 0.4541015625 0.421875 0.4453125 0.4283854171875 0.443359375 0.4466145828125 0.4521484375 0.4583333328125 0.4609375 0.45703125 0.46875 0.44921875 0.470703125 0.4361979171875
1 0.537109375 0.3997395828125 0.5283203125 0.3880208328125 0.5166015625 0.3880208328125 0.509765625 0.3997395828125 0.509765625 0.41015625 0.5185546875 0.4244791671875 0.525390625 0.4231770828125 0.53515625 0.4153645828125 0.537109375 0.3997395828125
1 0.6669921875 0.4375 0.5849609375 0.3776041671875 0.5771484375 0.3645833328125 0.568359375 0.3763020828125 0.5673828125 0.3880208328125 0.5791015625 0.390625 0.5947265625 0.4010416671875 0.6591796875 0.4505208328125 0.66796875 0.44921875 0.669921875 0.44140625 0.6669921875 0.4375
1 0.4697265625 0.5234375 0.4716796875 0.5208333328125 0.5478515625 0.5104166671875 0.5576171875 0.5078125 0.560546875 0.4986979171875 0.5439453125 0.4973958328125 0.5283203125 0.5026041671875 0.5126953125 0.5026041671875 0.5107421875 0.5052083328125 0.4951171875 0.5052083328125 0.4931640625 0.5078125 0.4775390625 0.5078125 0.4580078125 0.5130208328125 0.4345703125 0.5130208328125 0.43359375 0.51953125 0.435546875 0.5299479171875 0.4375 0.5299479171875 0.4521484375 0.5234375 0.4697265625 0.5234375
1 0.638671875 0.5403645828125 0.63671875 0.5221354171875 0.6259765625 0.5104166671875 0.6142578125 0.5104166671875 0.603515625 0.5221354171875 0.6015625 0.54296875 0.6142578125 0.5598958328125 0.626953125 0.55859375 0.634765625 0.55078125 0.638671875 0.5403645828125
1 0.578125 0.59765625 0.5751953125 0.59375 0.5615234375 0.59375 0.5322265625 0.5807291671875 0.521484375 0.58203125 0.51953125 0.58984375 0.5244140625 0.5963541671875 0.5595703125 0.609375 0.5693359375 0.6197916671875 0.57421875 0.6184895828125 0.578125 0.61328125 0.578125 0.59765625
1 0.45703125 0.6471354171875 0.4609375 0.6315104171875 0.458984375 0.62109375 0.4482421875 0.609375 0.4306640625 0.6171875 0.427734375 0.62109375 0.42578125 0.6341145828125 0.427734375 0.64453125 0.4345703125 0.6536458328125 0.4384765625 0.65625 0.447265625 0.6549479171875 0.4521484375 0.6536458328125 0.45703125 0.6471354171875
1 0.33984375 0.69921875 0.34375 0.6861979171875 0.33984375 0.66015625 0.341796875 0.65234375 0.337890625 0.6419270828125 0.33984375 0.62890625 0.3359375 0.6080729171875 0.333984375 0.5690104171875 0.349609375 0.55859375 0.349609375 0.54296875 0.3427734375 0.53125 0.3369140625 0.5286458328125 0.3076171875 0.53125 0.2939453125 0.5364583328125 0.287109375 0.5455729171875 0.287109375 0.5533854171875 0.291015625 0.56640625 0.2958984375 0.5729166671875 0.3046875 0.57421875 0.310546875 0.59765625 0.30859375 0.6080729171875 0.3125 0.6315104171875 0.3125 0.64453125 0.310546875 0.6471354171875 0.314453125 0.6549479171875 0.3125 0.66796875 0.31640625 0.67578125 0.314453125 0.6783854171875 0.31640625 0.7044270828125 0.3291015625 0.7239583328125 0.33203125 0.72265625 0.33984375 0.7096354171875 0.33984375 0.69921875