0 1 0.0247395828125 0.9892578125 0.0208333328125 0.9873046875 0.0234375 0.8662109375 0.0260416671875 0.8642578125 0.0286458328125 0.8095703125 0.0286458328125 0.8076171875 0.03125 0.7314453125 0.03125 0.7294921875 0.0338541671875 0.7216796875 0.03125 0.7197265625 0.0338541671875 0.6767578125 0.0338541671875 0.6748046875 0.0364583328125 0.4677734375 0.0364583328125 0.4658203125 0.0390625 0.4033203125 0.0390625 0.4013671875 0.0416666671875 0.2841796875 0.0416666671875 0.2822265625 0.0442708328125 0.2744140625 0.0416666671875 0.2724609375 0.0442708328125 0.2197265625 0.0442708328125 0.2177734375 0.046875 0.0810546875 0.046875 0.0791015625 0.0494791671875 0.0693359375 0.046875 0.0673828125 0.0494791671875 0.0009765625 0.046875 0 0.9700520828125001 0.0322265625 0.9713541671874999 0.0341796875 0.9739583328125001 0.0361328125 0.9713541671874999 0.0400390625 0.9739583328125001 0.0556640625 0.9739583328125001 0.0576171875 0.9713541671874999 0.0654296875 0.9739583328125001 0.0751953125 0.9713541671874999 0.0771484375 0.9739583328125001 0.091796875 0.97265625 0.1669921875 0.9713541671874999 0.1689453125 0.96875 0.1787109375 0.96875 0.1806640625 0.9713541671874999 0.1826171875 0.96875 0.5537109375 0.9661458328125001 0.5556640625 0.9635416671874999 0.9130859375 0.9635416671874999 0.9150390625 0.9609375 0.9208984375 0.9635416671874999 0.9306640625 0.9635416671874999 0.9326171875 0.9609375 0.9345703125 0.9635416671874999 0.9736328125 0.9635416671874999 0.9755859375 0.9609375 0.9970703125 0.9609375 1 0.95703125 1 0.0247395828125
1 0.1435546875 0.265625 0.1943359375 0.265625 0.1962890625 0.2682291671875 0.2470703125 0.2682291671875 0.2490234375 0.265625 0.2509765625 0.2682291671875 0.2529296875 0.265625 0.2880859375 0.265625 0.3037109375 0.2604166671875 0.3046875 0.2565104171875 0.3017578125 0.2526041671875 0.2919921875 0.25 0.1357421875 0.25 0.1220703125 0.234375 0.1142578125 0.234375 0.109375 0.24348958281250002 0.111328125 0.2669270828125 0.1181640625 0.2786458328125 0.1220703125 0.28125 0.12890625 0.2799479171875 0.1357421875 0.2682291671875 0.1435546875 0.265625
1 0.162109375 0.4934895828125 0.162109375 0.48828125 0.1591796875 0.484375 0.1494140625 0.4817708328125 0.142578125 0.47265625 0.07421875 0.3216145828125 0.0673828125 0.3125 0.0537109375 0.3046875 0.052734375 0.3138020828125 0.060546875 0.3372395828125 0.0859375 0.38671875 0.091796875 0.4049479171875 0.130859375 0.48828125 0.126953125 0.5065104171875 0.1318359375 0.5104166671875 0.1337890625 0.5078125 0.1357421875 0.5104166671875 0.140625 0.5091145828125 0.1552734375 0.5026041671875 0.162109375 0.4934895828125
1 0.2705078125 0.3697916671875 0.2802734375 0.3723958328125 0.291015625 0.3580729171875 0.2890625 0.34765625 0.2783203125 0.3333333328125 0.2607421875 0.3203125 0.2548828125 0.3229166671875 0.24609375 0.3372395828125 0.248046875 0.3424479171875 0.24609375 0.35546875 0.21484375 0.3997395828125 0.21484375 0.4075520828125 0.2197265625 0.4140625 0.2236328125 0.4166666671875 0.234375 0.4153645828125 0.2666015625 0.3723958328125 0.2705078125 0.3697916671875
1 0.314453125 0.51953125 0.314453125 0.5091145828125 0.3095703125 0.5 0.3017578125 0.4947916671875 0.2958984375 0.4947916671875 0.2861328125 0.5026041671875 0.2744140625 0.4895833328125 0.2470703125 0.46875 0.2412109375 0.46875 0.232421875 0.48046875 0.232421875 0.4908854171875 0.2451171875 0.5052083328125 0.2724609375 0.5260416671875 0.275390625 0.5299479171875 0.2734375 0.5325520828125 0.27734375 0.54296875 0.2841796875 0.5520833328125 0.296875 0.55078125 0.30859375 0.53515625 0.314453125 0.51953125
1 0.3671875 0.43359375 0.3740234375 0.4244791671875 0.3828125 0.4231770828125 0.3828125 0.41796875 0.3740234375 0.40625 0.3701171875 0.4036458328125 0.36328125 0.4049479171875 0.365234375 0.4153645828125 0.337890625 0.4622395828125 0.328125 0.4856770828125 0.3310546875 0.4895833328125 0.3359375 0.48828125 0.36328125 0.4440104171875 0.3671875 0.43359375
1 0.4794921875 0.3229166671875 0.5869140625 0.3020833328125 0.595703125 0.29296875 0.595703125 0.27734375 0.5888671875 0.2708333328125 0.5810546875 0.2708333328125 0.5791015625 0.2734375 0.5615234375 0.2734375 0.5263671875 0.2838541671875 0.4853515625 0.2890625 0.4736328125 0.2942708328125 0.4638671875 0.2864583328125 0.4541015625 0.2890625 0.451171875 0.2955729171875 0.453125 0.2981770828125 0.455078125 0.3294270828125 0.4619140625 0.3411458328125 0.470703125 0.33984375 0.47265625 0.3268229171875 0.4794921875 0.3229166671875
1 0.5400390625 0.3932291671875 0.5439453125 0.3932291671875 0.556640625 0.3763020828125 0.5498046875 0.3723958328125 0.5361328125 0.3802083328125 0.5126953125 0.4010416671875 0.4990234375 0.4088541671875 0.4873046875 0.4088541671875 0.484375 0.4127604171875 0.486328125 0.4231770828125 0.4931640625 0.4348958328125 0.498046875 0.43359375 0.5068359375 0.4192708328125 0.5400390625 0.3932291671875
1 0.5400390625 0.4817708328125 0.5498046875 0.4739583328125 0.556640625 0.4622395828125 0.5517578125 0.4609375 0.5361328125 0.46875 0.4384765625 0.5338541671875 0.4306640625 0.5364583328125 0.4208984375 0.5338541671875 0.416015625 0.54296875 0.421875 0.55859375 0.4248046875 0.5625 0.427734375 0.5611979171875 0.4365234375 0.546875 0.5400390625 0.4817708328125
1 0.56640625 0.58203125 0.5595703125 0.5729166671875 0.5400390625 0.5703125 0.525390625 0.58984375 0.529296875 0.61328125 0.5341796875 0.6223958328125 0.5478515625 0.6276041671875 0.5546875 0.6263020828125 0.568359375 0.6080729171875 0.56640625 0.58203125
1 0.4599609375 0.6744791671875 0.4482421875 0.6744791671875 0.4404296875 0.6692708328125 0.4345703125 0.6692708328125 0.4189453125 0.6588541671875 0.3759765625 0.640625 0.3271484375 0.6145833328125 0.3134765625 0.6119791671875 0.310546875 0.6158854171875 0.3115234375 0.6197916671875 0.3330078125 0.6328125 0.4365234375 0.6875 0.4443359375 0.6927083328125 0.4482421875 0.7005208328125 0.453125 0.69921875 0.4609375 0.6809895828125 0.4599609375 0.6744791671875
1 0.498046875 0.7174479171875 0.4951171875 0.7135416671875 0.4873046875 0.7135416671875 0.4853515625 0.7239583328125 0.4697265625 0.7239583328125 0.4677734375 0.7265625 0.1943359375 0.7291666671875 0.1796875 0.73828125 0.1796875 0.7434895828125 0.1904296875 0.7526041671875 0.4833984375 0.75 0.4873046875 0.7578125 0.49609375 0.7565104171875 0.498046875 0.75390625 0.498046875 0.7174479171875
1 0.2724609375 0.6354166671875 0.2412109375 0.6276041671875 0.2158203125 0.6171875 0.2099609375 0.6067708328125 0.201171875 0.6158854171875 0.19921875 0.6236979171875 0.2021484375 0.6354166671875 0.2197265625 0.6302083328125 0.2568359375 0.6458333328125 0.27734375 0.6471354171875 0.279296875 0.6419270828125 0.2724609375 0.6354166671875
1 0.181640625 0.7669270828125 0.1748046875 0.7552083328125 0.1689453125 0.7552083328125 0.1640625 0.7486979171875 0.119140625 0.63671875 0.1103515625 0.6276041671875 0.1025390625 0.625 0.099609375 0.62890625 0.099609375 0.65234375 0.126953125 0.72265625 0.130859375 0.74609375 0.138671875 0.76953125 0.138671875 0.77734375 0.1328125 0.78515625 0.1328125 0.79296875 0.1357421875 0.7994791671875 0.14453125 0.7981770828125 0.1728515625 0.7786458328125 0.181640625 0.7669270828125