0 1 0.0322614984375 0.9813617499999999 0.0322614984375 0.9793662203125001 0.029599659374999997 0.94145115 0.029599659374999997 0.9374600890625 0.0322614984375 0.9274824390624999 0.029599659374999997 0.92149585 0.0322614984375 0.9195003187499999 0.029599659374999997 0.8835807796875 0.029599659374999997 0.8815852484375 0.0322614984375 0.8795897187499999 0.029599659374999997 0.5543183265625 0.029599659374999997 0.552322796875 0.02693781875 0.5343630265625 0.02693781875 0.532367496875 0.029599659374999997 0.5303719671875 0.02693781875 0.175167625 0.024275979687499998 0.17317209375 0.021614139062500003 0.15920338437499998 0.024275979687499998 0.1572078546875 0.021614139062500003 0.0704022984375 0.0202832203125 0 0.022519165625 0 0.9661634703124999 0.06940453437500001 0.9639054515625001 0.0714000640625 0.966567290625 0.209091634375 0.966567290625 0.2110871640625 0.96922913125 0.2789351859375 0.96922913125 0.280930715625 0.9718909703125 0.4046535765625 0.9718909703125 0.40664910625 0.9745528109375 0.46851053593750003 0.9745528109375 0.4705060671875 0.97721465 0.47649265625000004 0.9745528109375 0.4784881859375 0.97721465 0.6800367171875 0.97721465 0.6820322484375 0.9798764906249999 0.723938378125 0.9798764906249999 0.7259339078125 0.98253833125 0.7359115578125001 0.9798764906249999 0.7379070875 0.98253833125 0.8157327593750001 0.98253833125 0.8177282890625 0.9852001703125 0.875598659375 0.9852001703125 0.8775941890625001 0.9878620109374999 0.9973259890625 0.99052385 0.9993215203125001 0.993185690625 1 0.9928840140625 1 0.0322614984375
1 0.10133301406249999 0.49275979531249997 0.094348659375 0.504738075 0.094348659375 0.5127235953125 0.10133301406249999 0.5247018734375 0.11131066406250001 0.5273637140625 0.1262771390625 0.5127235953125 0.12428160937499999 0.4994143953125 0.114303959375 0.49409071562499995 0.10133301406249999 0.49275979531249997
1 0.34478767499999996 0.6551320265625 0.340796615625 0.6577938671875 0.33181673125 0.6724339859375 0.3338122609375 0.6910668656250001 0.3427921453125 0.7003833046875 0.354765325 0.7003833046875 0.3677362703125 0.6830813453125 0.365740740625 0.66711030625 0.3537675609375 0.656462946875 0.34478767499999996 0.6551320265625
1 0.49046136718750005 0.5699531515625 0.48347701093750006 0.58193143125 0.48148148125 0.58991695 0.48647030625000004 0.59657155 0.49644795625000004 0.59657155 0.542345146875 0.63117546875 0.5533205625 0.6298445484374999 0.542345146875 0.6125425890625 0.5044300765624999 0.585924190625 0.49545019218749997 0.571284071875 0.49046136718750005 0.5699531515625
1 0.3238346109375 0.515385434375 0.32583014062500004 0.5313564734375 0.3537675609375 0.5792695906249999 0.3577586203125 0.58991695 0.3577586203125 0.6005643093749999 0.36673850625000004 0.6018952296875 0.3797094515625 0.5845932703125001 0.3687340359375 0.5779386718749999 0.355763090625 0.5606367125 0.35177203125 0.5473275125 0.3298212 0.515385434375 0.3238346109375 0.515385434375
1 0.2430156453125 0.3543441234375 0.21308269531250001 0.367653321875 0.1931273953125 0.3649914828125 0.1901341 0.3689842421875 0.1901341 0.3796316015625 0.20110951406250002 0.3942717203125 0.21507822499999998 0.380962521875 0.2669620046875 0.3649914828125 0.273946359375 0.3556750421875 0.2719508296875 0.353013203125 0.2430156453125 0.3543441234375
1 0.54633620625 0.3729770015625 0.5303719671875 0.37830068125 0.5233876125 0.40358815937500003 0.5253831421874999 0.41689735937499994 0.5343630265625 0.42887563906250004 0.542345146875 0.43419931875 0.5632982125 0.42488287968750005 0.5692848015624999 0.3982644796875 0.5603049171875 0.37830068125 0.55132503125 0.374307921875 0.54633620625 0.3729770015625
1 0.4176245203125 0.44351575781249997 0.4136334609375 0.4541631171875 0.4146312265625 0.466141396875 0.43259099687499997 0.46880323749999997 0.49046136718750005 0.508730834375 0.4944524265625 0.508730834375 0.4984434859375 0.5140545140625 0.5104166671875 0.5193781937499999 0.5144077265625 0.5247018734375 0.5283764375 0.530025553125 0.532367496875 0.5353492328125 0.5483317375000001 0.543334753125 0.5553160921875 0.5420038328125 0.5403496171875 0.522040034375 0.53635855625 0.522040034375 0.5084211359374999 0.500745315625 0.5004390171875001 0.49808347499999994 0.492456896875 0.49009795624999997 0.4744971265625 0.48211243593750003 0.46252394687500004 0.4714650765625 0.43658205624999996 0.4581558765625 0.42560664062500003 0.44351575781249997 0.4176245203125 0.44351575781249997
1 0.44655970624999997 0.2984454859375 0.43259099687499997 0.311754684375 0.42660440624999996 0.311754684375 0.3687340359375 0.346358603125 0.310863665625 0.3756388421875 0.3038793109375 0.38495528125 0.3068726046875 0.388948040625 0.3228368453125 0.38628620156250004 0.3727250953125 0.359667803125 0.41662675625 0.34103492343749997 0.42261334687499996 0.33571124375 0.4545418265625 0.325063884375 0.45553959062500005 0.318409284375 0.44955300156250005 0.2997764046875 0.44655970624999997 0.2984454859375
1 0.294899425 0.7110306640624999 0.2819284796875 0.7283326234375 0.2779374203125 0.7416418234375 0.2779374203125 0.7576128625 0.2929038953125 0.782900340625 0.3188457859375 0.782900340625 0.3278256703125 0.7735839015625 0.3338122609375 0.7602747015625 0.33780332031250004 0.7389799828125 0.3298212 0.7203471046875001 0.3228368453125 0.7110306640624999 0.3178480203125 0.70969974375 0.294899425 0.7110306640624999
1 0.21308269531250001 0.58858603125 0.20609833906250002 0.5979024703125 0.20609833906250002 0.6085498296875 0.24002235 0.656462946875 0.2380268203125 0.669772146875 0.24201787968750002 0.677757665625 0.24700670468750002 0.684412265625 0.2569843546875 0.684412265625 0.274944125 0.6711030671875 0.28392401093749997 0.656462946875 0.2819284796875 0.6404919078125 0.270953065625 0.63117546875 0.26097541562500004 0.6338373078124999 0.22705140468749999 0.58858603125 0.22206257968749998 0.5872551109375 0.21308269531250001 0.58858603125
1 0.1272749046875 0.1972955703125 0.12228607968750001 0.2039501703125 0.12228607968750001 0.211935690625 0.1302682 0.22258304999999998 0.11829501875 0.262510646875 0.11829501875 0.2704961671875 0.09035759843749999 0.34236584375 0.08836206875 0.3689842421875 0.0913553640625 0.3756388421875 0.10332854375 0.37031516249999996 0.1103128984375 0.36099872187500004 0.1302682 0.30510008593750004 0.14822796875 0.2678343265625 0.154214559375 0.24920144843749997 0.15920338437499998 0.24254684843750002 0.16319444375 0.2452086875 0.1671855046875 0.24254684843750002 0.1721743296875 0.23056856875 0.1671855046875 0.2212521296875 0.134259259375 0.19862649062499999 0.1272749046875 0.1972955703125
1 0.45653735624999997 0.6657793859375001 0.45154853125 0.6750958265625 0.44955300156250005 0.7070379046874999 0.447557471875 0.70969974375 0.45055076562499996 0.719016184375 0.46052841562499996 0.7216780234375 0.46651500625000003 0.7163543437500001 0.48048371718749994 0.7163543437500001 0.482479246875 0.719016184375 0.5383540874999999 0.727001703125 0.5623004468749999 0.7349872234375 0.5802602171875 0.7349872234375 0.582255746875 0.7376490625 0.592233396875 0.7349872234375 0.5952266921875 0.7283326234375 0.5932311625 0.712361584375 0.5862468078124999 0.705706984375 0.5583093875 0.697721465625 0.5343630265625 0.6950596250000001 0.532367496875 0.6923977859375 0.50642560625 0.6897359453125 0.4944524265625 0.684412265625 0.48048371718749994 0.684412265625 0.47150383125 0.68041950625 0.46751277187499996 0.66711030625 0.45653735624999997 0.6657793859375001
1 0.22705140468749999 0.4262137984375 0.21507822499999998 0.43419931875 0.2080938703125 0.44351575781249997 0.1981162203125 0.4674723171875 0.1981162203125 0.49675255468749996 0.2021072796875 0.5100617546875 0.2110871640625 0.5247018734375 0.22904693437499998 0.5380110734375 0.254988825 0.5353492328125 0.264966475 0.5273637140625 0.275941890625 0.5127235953125 0.27993294999999996 0.502076234375 0.2819284796875 0.47279599687499996 0.273946359375 0.44883943750000005 0.264966475 0.4368611578125 0.25 0.42754471875 0.22705140468749999 0.4262137984375
1 0.4844747765625 0.23988500781250002 0.4784881859375 0.247870528125 0.1811542140625 0.2452086875 0.17317209375 0.25053236874999996 0.17017880000000002 0.2571869671875 0.175167625 0.26384156718749996 0.1871408046875 0.269165246875 0.4485552359375 0.2718270875 0.45055076562499996 0.2744889265625 0.48048371718749994 0.2744889265625 0.4844747765625 0.2851362859375 0.492456896875 0.2851362859375 0.49545019218749997 0.2784816859375 0.49545019218749997 0.262510646875 0.49744572187499997 0.25984880781249997 0.49744572187499997 0.24920144843749997 0.4934546609375 0.241215928125 0.4844747765625 0.23988500781250002