0 0.1689453125 0.96875 0.1826171875 0.9713541671874999 0.1845703125 0.96875 0.5322265625 0.9661458328125001 0.5341796875 0.9635416671874999 0.5361328125 0.9661458328125001 0.5537109375 0.9661458328125001 0.5556640625 0.9635416671874999 0.8740234375 0.9635416671874999 0.8759765625 0.9609375 0.8779296875 0.9635416671874999 0.9130859375 0.9635416671874999 0.9150390625 0.9609375 0.9208984375 0.9635416671874999 0.9306640625 0.9609375 0.9345703125 0.9635416671874999 0.9716796875 0.9635416671874999 0.9736328125 0.9609375 0.9951171875 0.9609375 0.9990234375 0.9583333328125001 1 0.0247395828125 0.9912109375 0.0208333328125 0.9892578125 0.0234375 0.8720703125 0.0260416671875 0.8701171875 0.0286458328125 0.8134765625 0.0286458328125 0.8115234375 0.03125 0.7353515625 0.03125 0.7333984375 0.0338541671875 0.7236328125 0.03125 0.7216796875 0.0338541671875 0.6806640625 0.0338541671875 0.6787109375 0.0364583328125 0.4814453125 0.0364583328125 0.4794921875 0.0390625 0.4736328125 0.0364583328125 0.4716796875 0.0390625 0.4111328125 0.0390625 0.4091796875 0.0416666671875 0.2880859375 0.0416666671875 0.2861328125 0.0442708328125 0.2197265625 0.0442708328125 0.2177734375 0.046875 0.0830078125 0.046875 0.0810546875 0.0494791671875 0.0009765625 0.046875 0 0.9700520828125001 0.08203125 0.97265625 0.1669921875 0.9713541671874999 0.1689453125 0.96875
1 0.13671875 0.4908854171875 0.1220703125 0.4765625 0.1123046875 0.4791666671875 0.10546875 0.4908854171875 0.10546875 0.4986979171875 0.1123046875 0.5104166671875 0.125 0.5091145828125 0.134765625 0.50390625 0.13671875 0.4908854171875
1 0.373046875 0.32421875 0.3603515625 0.3072916671875 0.3486328125 0.3072916671875 0.33984375 0.31640625 0.337890625 0.3346354171875 0.3466796875 0.3489583328125 0.3505859375 0.3515625 0.359375 0.3502604171875 0.37109375 0.33984375 0.373046875 0.32421875
1 0.5439453125 0.3932291671875 0.5546875 0.3763020828125 0.5439453125 0.375 0.4990234375 0.4088541671875 0.4892578125 0.4088541671875 0.484375 0.4153645828125 0.486328125 0.4231770828125 0.4931640625 0.4348958328125 0.498046875 0.43359375 0.5068359375 0.4192708328125 0.5439453125 0.3932291671875
1 0.361328125 0.4440104171875 0.3740234375 0.4270833328125 0.384765625 0.4205729171875 0.3720703125 0.4036458328125 0.36328125 0.4049479171875 0.36328125 0.4153645828125 0.359375 0.42578125 0.33203125 0.47265625 0.330078125 0.48828125 0.3359375 0.48828125 0.357421875 0.45703125 0.361328125 0.4440104171875
1 0.2744140625 0.6354166671875 0.2236328125 0.6197916671875 0.2099609375 0.6067708328125 0.19921875 0.62109375 0.19921875 0.6315104171875 0.2021484375 0.6354166671875 0.2216796875 0.6328125 0.2509765625 0.6458333328125 0.279296875 0.6471354171875 0.28125 0.64453125 0.2744140625 0.6354166671875
1 0.5703125 0.6028645828125 0.564453125 0.5768229171875 0.5439453125 0.5677083328125 0.5361328125 0.5729166671875 0.52734375 0.5846354171875 0.525390625 0.59765625 0.5322265625 0.6223958328125 0.5478515625 0.6276041671875 0.552734375 0.6263020828125 0.5615234375 0.6223958328125 0.5703125 0.6028645828125
1 0.4658203125 0.53125 0.4775390625 0.5208333328125 0.4951171875 0.5130208328125 0.5029296875 0.5052083328125 0.5107421875 0.5026041671875 0.5380859375 0.4817708328125 0.5419921875 0.4817708328125 0.556640625 0.4622395828125 0.5498046875 0.4609375 0.5341796875 0.46875 0.5302734375 0.4739583328125 0.5166015625 0.4791666671875 0.5126953125 0.484375 0.5009765625 0.4895833328125 0.4970703125 0.4947916671875 0.4931640625 0.4947916671875 0.4365234375 0.5338541671875 0.4189453125 0.5364583328125 0.41796875 0.5481770828125 0.421875 0.55859375 0.4296875 0.55859375 0.4404296875 0.5442708328125 0.4658203125 0.53125
1 0.4580078125 0.6744791671875 0.4267578125 0.6640625 0.4208984375 0.6588541671875 0.3779296875 0.640625 0.3291015625 0.6145833328125 0.3134765625 0.6119791671875 0.310546875 0.6158854171875 0.3173828125 0.625 0.3740234375 0.6536458328125 0.4306640625 0.6875 0.4365234375 0.6875 0.4501953125 0.7005208328125 0.453125 0.69921875 0.458984375 0.6809895828125 0.4580078125 0.6744791671875
1 0.3359375 0.2877604171875 0.34375 0.26953125 0.33984375 0.24869791718749998 0.333984375 0.23567708281250002 0.3251953125 0.2265625 0.2998046875 0.2265625 0.28515625 0.2513020828125 0.28515625 0.2669270828125 0.2890625 0.2799479171875 0.3017578125 0.296875 0.32421875 0.2981770828125 0.3291015625 0.296875 0.3359375 0.2877604171875
1 0.2685546875 0.3723958328125 0.2783203125 0.375 0.2890625 0.3658854171875 0.291015625 0.3502604171875 0.2822265625 0.3359375 0.2646484375 0.3229166671875 0.2548828125 0.3229166671875 0.25 0.3294270828125 0.24609375 0.3372395828125 0.248046875 0.3502604171875 0.21484375 0.3971354171875 0.21484375 0.4075520828125 0.2216796875 0.4166666671875 0.23046875 0.41796875 0.2353515625 0.4166666671875 0.2685546875 0.3723958328125
1 0.181640625 0.7669270828125 0.1767578125 0.7552083328125 0.1728515625 0.7526041671875 0.1689453125 0.7552083328125 0.1640625 0.7486979171875 0.158203125 0.73046875 0.140625 0.6940104171875 0.12109375 0.6393229171875 0.1142578125 0.6302083328125 0.1025390625 0.625 0.099609375 0.6315104171875 0.1015625 0.6575520828125 0.12890625 0.7278645828125 0.12890625 0.7356770828125 0.140625 0.7747395828125 0.1328125 0.78515625 0.1328125 0.79296875 0.1376953125 0.7994791671875 0.14453125 0.7981770828125 0.1767578125 0.7760416671875 0.181640625 0.7669270828125
1 0.4833984375 0.3229166671875 0.4970703125 0.3229166671875 0.5087890625 0.3177083328125 0.5341796875 0.3151041671875 0.5361328125 0.3125 0.5595703125 0.3098958328125 0.5869140625 0.3020833328125 0.59375 0.2955729171875 0.595703125 0.2799479171875 0.5927734375 0.2734375 0.5830078125 0.2708333328125 0.5810546875 0.2734375 0.5634765625 0.2734375 0.5400390625 0.28125 0.4853515625 0.2890625 0.4833984375 0.2916666671875 0.4697265625 0.2916666671875 0.4638671875 0.2864583328125 0.4541015625 0.2890625 0.451171875 0.2981770828125 0.453125 0.30078125 0.455078125 0.33203125 0.4599609375 0.3411458328125 0.470703125 0.33984375 0.474609375 0.3268229171875 0.4833984375 0.3229166671875
1 0.28125 0.5533854171875 0.2890625 0.5299479171875 0.287109375 0.5013020828125 0.283203125 0.4908854171875 0.2724609375 0.4765625 0.2626953125 0.46875 0.2373046875 0.4661458328125 0.2197265625 0.4791666671875 0.2109375 0.4934895828125 0.20703125 0.5065104171875 0.20703125 0.53515625 0.216796875 0.55859375 0.2236328125 0.5677083328125 0.2353515625 0.5755208328125 0.2578125 0.57421875 0.2724609375 0.5651041671875 0.28125 0.5533854171875
1 0.5 0.73828125 0.498046875 0.7356770828125 0.498046875 0.7200520828125 0.4951171875 0.7135416671875 0.4873046875 0.7135416671875 0.4833984375 0.7239583328125 0.4541015625 0.7239583328125 0.4521484375 0.7265625 0.1962890625 0.7291666671875 0.1845703125 0.734375 0.1796875 0.7408854171875 0.1826171875 0.7473958328125 0.1904296875 0.7526041671875 0.4814453125 0.75 0.4873046875 0.7578125 0.49609375 0.7565104171875 0.5 0.7486979171875 0.5 0.73828125