0 1 0.0061248765625 0.9382295718749999 0.0041630625 0.8500729578125 0.00551470625 0.8480463687500001 0.00821799375 0.833860246875 0.00551470625 0.8318336578125001 0.00821799375 0.47110084375000005 0.0109212796875 0.46907425468749997 0.0136245671875 0.467047665625 0.0109212796875 0.448808365625 0.0109212796875 0.4467817765625 0.0136245671875 0.1164477953125 0.0136245671875 0.11442120625 0.0163278546875 0.11239461718749999 0.0136245671875 0.07591601875000001 0.0136245671875 0.0738894296875 0.0163278546875 0.0678096625 0.0136245671875 0.05767671875 0.0163278546875 0.053623540625 0.0136245671875 0.015118353125000001 0.0136245671875 0.0130917640625 0.0163278546875 0 0.0163278546875 0 0.9894418609375 0.11847438437499999 0.9868079578125 0.12050097343749999 0.9841046718750001 0.17927205 0.9841046718750001 0.1812986375 0.981401384375 0.26033560312500004 0.981401384375 0.2623621921875 0.9786980968749999 0.27249513593749997 0.981401384375 0.274521725 0.9786980968749999 0.31708009062500003 0.9786980968749999 0.3191066796875 0.9759948093749999 0.5237921531249999 0.9759948093749999 0.5258187421875 0.973291521875 0.5318985078125 0.9759948093749999 0.533925096875 0.973291521875 0.5967493515625 0.973291521875 0.5987759406250001 0.9705882359375 0.7244244484375 0.9705882359375 0.7264510375000001 0.9678849484375001 0.7953550578125 0.9678849484375001 0.797381646875 0.9651816609375 0.937216278125 0.9651816609375 0.9392428671875 0.9624783734375001 1 0.9644550703125001 1 0.0061248765625
1 0.881485084375 0.50427119375 0.8966844999999999 0.5191392734375 0.9068174453125 0.5164359859375 0.91391050625 0.50427119375 0.91391050625 0.49616133281249997 0.9068174453125 0.4839965390625 0.8936446171875 0.48534818281250003 0.8835116734374999 0.49075475781250005 0.881485084375 0.50427119375
1 0.6382944234375 0.6610618515625 0.636267834375 0.6772815750000001 0.6494406609375 0.6948529406249999 0.6616001953125 0.6948529406249999 0.6707198437499999 0.6853914359375 0.6727464328125 0.6664684249999999 0.6636267828125 0.6516003453125 0.65957360625 0.6488970593750001 0.65045395625 0.650248703125 0.6382944234375 0.6610618515625
1 0.5065661484375 0.5637435125 0.49744649843750005 0.5786115921875 0.458941309375 0.6056444640625 0.447795071875 0.6232158296875 0.458941309375 0.6245674734375 0.505552853125 0.5894247406249999 0.5156857984375 0.5894247406249999 0.5207522703125 0.582666521875 0.5187256812500001 0.5745566609375 0.5116326203125 0.56239186875 0.5065661484375 0.5637435125
1 0.6808527890625 0.50697448125 0.674773021875 0.50697448125 0.6524805453125 0.5394139265625 0.6484273671875 0.5529303640625 0.6352545390625 0.5705017296875 0.6241083015625 0.5772599484375001 0.6372811281249999 0.594831315625 0.6464007781250001 0.5934796718750001 0.6464007781250001 0.582666521875 0.65045395625 0.5718533734375 0.6788261999999999 0.5231942046875 0.6808527890625 0.50697448125
1 0.7335440984375 0.3420739625 0.7315175093749999 0.3447772484375 0.7386105703125 0.3542387546875 0.79130188125 0.370458478125 0.805488003125 0.3839749140625 0.8166342406249999 0.369106834375 0.8166342406249999 0.35829368437500003 0.8135943578125 0.3542387546875 0.79332846875 0.3569420421875 0.7629296375 0.34342560624999996 0.7335440984375 0.3420739625
1 0.4498216609375 0.363700259375 0.4407020109375 0.367755190625 0.4315823609375 0.38802984375 0.43766212656250003 0.41506271562499997 0.458941309375 0.42452422187499994 0.467047665625 0.419117646875 0.476167315625 0.40695285468750003 0.4781939046875 0.39343641875 0.47110084375000005 0.367755190625 0.45488813281249996 0.362348615625 0.4498216609375 0.363700259375
1 0.45286154375 0.535358996875 0.46907425468749997 0.527249134375 0.47312743125 0.5218425609375 0.487313553125 0.5164359859375 0.49136673125 0.5110294125 0.5035262640625 0.5056228375 0.5075794421875 0.5002162625000001 0.5116326203125 0.5002162625000001 0.5704036968749999 0.45966695468749996 0.588642996875 0.45696366718750003 0.589656290625 0.44479887500000004 0.5856031125000001 0.43398572656249995 0.5774967578125 0.43398572656249995 0.56635051875 0.44885380625 0.5400048640625 0.46237024218749995 0.52784533125 0.47318339062500003 0.5096060312499999 0.48129325312500004 0.501499675 0.4894031140625 0.4933933203125 0.4921064015625 0.4650210765625 0.5137326984375 0.46096789843749997 0.5137326984375 0.44576848281250003 0.534007353125 0.45286154375 0.535358996875
1 0.6352545390625 0.33531574375 0.5764834624999999 0.3001730109375 0.5704036968749999 0.3001730109375 0.556217575 0.28665657499999997 0.553177690625 0.28800821875 0.547097925 0.306931228125 0.54811121875 0.313689446875 0.580536640625 0.3245025953125 0.5866164078125 0.3299091703125 0.6312013624999999 0.3488321796875 0.6818660828125 0.3758650515625 0.6980787937499999 0.3785683390625 0.7011186765625 0.3745134078125 0.694025615625 0.365051903125 0.6352545390625 0.33531574375
1 0.7234111546875 0.72323745625 0.7102383265625 0.7056660906250001 0.6869325546875 0.704314446875 0.6818660828125 0.7056660906250001 0.674773021875 0.7151275953125 0.6666666671875 0.7340506062500001 0.6707198437499999 0.755676903125 0.6767996109375 0.7691933390625 0.6859192609375 0.7786548437499999 0.7122649156249999 0.7786548437499999 0.7274643328125 0.752973615625 0.7274643328125 0.7367538921875 0.7234111546875 0.72323745625
1 0.7679961093750001 0.6637651390625 0.7659695203125 0.650248703125 0.8004215312499999 0.6015895328124999 0.8004215312499999 0.590776384375 0.79332846875 0.5813148781249999 0.7842088203124999 0.5799632359375 0.779142346875 0.5813148781249999 0.7446903375 0.6272707609375 0.7345573937500001 0.6245674734375 0.7234111546875 0.6340289796875 0.721384565625 0.650248703125 0.730504215625 0.66511678125 0.748743515625 0.67863321875 0.7588764593749999 0.67863321875 0.76394293125 0.671875 0.7679961093750001 0.6637651390625
1 0.90479085625 0.359645328125 0.9169503890625 0.365051903125 0.9199902718749999 0.35829368437500003 0.9179636828125 0.3312608125 0.8895914390625 0.258272059375 0.8895914390625 0.25016219687499996 0.87743190625 0.20961288906250003 0.8855382625000001 0.198799740625 0.8855382625000001 0.190689878125 0.8804717906249999 0.1839316609375 0.8733787296875001 0.1852833046875 0.8399400124999999 0.20826124531249998 0.8348735406250001 0.21772275156249998 0.8399400124999999 0.22988754375 0.8439931906249999 0.23259082968749997 0.8480463687500001 0.22988754375 0.8531128406249999 0.23664576093749998 0.85919260625 0.255568771875 0.87743190625 0.2934147921875 0.8976977953124999 0.3501838234375 0.90479085625 0.359645328125
1 0.40523670625 0.72323745625 0.4082765890625 0.729995675 0.41840953281250004 0.7326989625 0.420436121875 0.729995675 0.438675421875 0.729995675 0.46299448749999994 0.7218858125 0.519738975 0.7137759515625001 0.5217655640625 0.7110726640625 0.5359516859375 0.7110726640625 0.542031453125 0.7164792390625 0.5521643968750001 0.7137759515625001 0.5552042796875 0.704314446875 0.553177690625 0.701611159375 0.551151103125 0.6691717125000001 0.5460846296875 0.6597102078125 0.5349383921875 0.6610618515625 0.5308852140625 0.6745782874999999 0.5217655640625 0.67863321875 0.5075794421875 0.67863321875 0.49541990937499997 0.6840397921875 0.46907425468749997 0.6867430796875 0.467047665625 0.6894463671875 0.44272859999999997 0.6921496546875 0.4143563546875 0.700259515625 0.40726329375 0.7070177328125 0.40523670625 0.72323745625
1 0.8044747078125001 0.50156790625 0.8085278859375 0.48805147031249996 0.8085278859375 0.4583153109375 0.7983949421875 0.43398572656249995 0.79130188125 0.42452422187499994 0.779142346875 0.41641435937500004 0.7558365765625 0.417766003125 0.7406371593750001 0.42722750937500004 0.7315175093749999 0.4393923015625 0.7234111546875 0.4637218859375 0.7254377437499999 0.49345804531250004 0.7294909203125 0.50427119375 0.7406371593750001 0.5191392734375 0.750770103125 0.527249134375 0.777115759375 0.529952421875 0.7953550578125 0.5164359859375 0.8044747078125001 0.50156790625
1 0.819674125 0.256920415625 0.8318336578125001 0.25151384062500004 0.8369001296875 0.2447556234375 0.833860246875 0.23799740468750002 0.8257538906249999 0.23259082968749997 0.5237921531249999 0.23529411718749998 0.5177123859375 0.22718425625 0.5085927359375 0.22853590000000001 0.5045395593750001 0.23664576093749998 0.5045395593750001 0.247458909375 0.5065661484375 0.25016219687499996 0.5065661484375 0.2663819203125 0.5096060312499999 0.2731401390625 0.5177123859375 0.2731401390625 0.5217655640625 0.2623269890625 0.5521643968750001 0.2623269890625 0.5541909859375 0.259623703125 0.819674125 0.256920415625