IMG_20231114_113439_jpg.rf.848b4d458869b91ab0f93be73809662c.jpg 122,309,168,359,0 293,212,328,251,0 268,394,424,509,1 63,516,176,560,1
IMG_20231114_113538_jpg.rf.4aa3563b8d7d3448deefd4ce923ce8cb.jpg 231,417,315,525,1 332,460,461,519,1 347,326,378,495,1 404,280,457,441,1 149,228,249,348,1 137,316,247,560,1 0,446,86,516,1 1,223,38,289,1 115,181,309,230,1 250,81,404,208,1 324,142,452,222,1 512,168,634,247,1 557,237,640,272,1 415,269,640,432,1 615,443,640,487,1 18,342,54,372,0
IMG_20231114_113532_jpg.rf.43445fc926e3e8e671565db9fbb3b763.jpg 210,143,326,195,1 340,129,418,227,1 397,81,505,314,1 541,133,640,193,1 232,216,379,266,1 85,277,342,351,1 242,300,387,366,1 64,385,172,455,1 1,170,70,229,1 0,328,134,389,1 226,405,342,474,1 273,413,407,542,1 369,332,531,426,1 436,343,560,411,1 594,333,640,391,1 575,261,610,288,0
IMG_20231114_113507_jpg.rf.620a5b0ba2ceba76de961df3f7a739ef.jpg 172,453,208,484,0 490,446,595,560,1 237,360,558,560,1 356,148,412,257,1 298,239,456,341,1 219,259,277,428,1
IMG_20231114_113703_jpg.rf.73097c56e9103f3ef8fb38f9d652a18a.jpg 392,193,486,321,1 290,354,391,385,1 264,264,352,329,1 137,321,212,355,1 182,381,228,449,1
IMG_20231114_113507_jpg.rf.27eb1571b88d05778c5ea43917b03740.jpg 438,139,476,171,0 39,80,148,178,1 77,80,408,268,1 227,374,285,486,1 182,287,345,393,1 366,198,426,373,1
IMG_20231114_113517_jpg.rf.48f9b0457d53183f09573d94d9ca97ae.jpg 271,401,348,554,1 154,294,209,393,1 145,393,201,555,1 0,472,286,640,1 0,553,45,640,1 328,576,361,609,0
IMG_20231114_113445_jpg.rf.70d4b85972192a04ec683ec78d99258a.jpg 259,339,298,377,0 277,300,308,330,0 74,162,132,535,1 152,434,219,586,1 330,429,409,565,1 20,552,114,640,1 0,601,85,640,1
IMG_20231114_113538_jpg.rf.246f27dc88b3068f77ee0418df3ed623.jpg 316,117,398,223,1 173,124,300,182,1 254,147,284,313,1 176,201,228,359,1 380,291,479,409,1 383,81,491,324,1 541,127,640,195,1 589,349,640,414,1 322,408,513,456,1 228,430,380,560,1 181,416,307,495,1 2,392,122,469,1 1,366,80,400,1 1,210,218,370,1 1,155,22,198,1 572,268,608,298,0
IMG_20231114_113532_jpg.rf.1a47e852d68f5152a721faf9141ea8ce.jpg 310,433,420,482,1 223,402,297,495,1 141,321,243,554,1 1,434,108,491,1 261,366,400,413,1 296,285,539,355,1 253,271,390,333,1 457,186,560,253,1 554,400,639,456,1 492,249,631,307,1 295,168,405,234,1 234,104,361,226,1 117,213,270,302,1 88,228,206,292,1 0,247,56,302,1 42,344,75,370,0
IMG_20231114_113532_jpg.rf.2a8ff8a034ccee2653100d4d36d2e5e2.jpg 216,139,335,193,1 348,126,429,227,1 408,80,519,314,1 555,130,640,192,1 237,216,388,267,1 86,277,350,354,1 248,301,397,369,1 64,389,176,461,1 0,167,70,228,1 1,330,138,393,1 232,409,351,480,1 280,418,417,551,1 378,335,545,432,1 447,346,575,416,1 610,336,640,395,1 590,260,626,288,0
IMG_20231114_113705_jpg.rf.118731f574a087efa0cba80601621b17.jpg 125,173,231,325,1 277,255,373,328,1 421,312,496,348,1 402,374,451,443,1 237,354,343,387,1
IMG_20231114_113439_jpg.rf.a8ac5ed6fd7ed84dc1f71c4f6742cdd8.jpg 136,314,181,362,0 300,220,334,258,0 276,396,427,507,1 77,513,186,640,1 52,561,173,640,1
IMG_20231114_113517_jpg.rf.4c6a52d7ae5907460a34dcb65628e0e2.jpg 306,403,389,560,1 455,288,515,394,1 463,395,523,560,1 372,480,640,560,1
IMG_20231114_113532_jpg.rf.3631fdf3c1c8f44a86f58c5e17e45bcb.jpg 223,430,334,480,1 347,400,422,494,1 402,318,505,553,1 539,432,640,490,1 243,362,384,410,1 102,282,348,353,1 253,268,392,331,1 82,182,186,249,1 2,399,88,456,1 10,245,151,304,1 239,164,350,230,1 283,98,411,222,1 375,209,530,299,1 439,224,558,289,1 590,243,640,298,1 571,342,605,368,0
IMG_20231114_113445_jpg.rf.860d40b39e342d78dd4406efa31a7408.jpg 229,348,271,389,0 248,304,282,337,0 28,153,92,559,1 113,451,186,560,1 307,445,393,559,1
IMG_20231114_113439_jpg.rf.96baa20556929bf73105fe3a08b16c8b.jpg 98,283,147,335,0 278,397,315,438,0 251,126,416,247,1
IMG_20231114_113517_jpg.rf.a66b981e504c4594a868cb8f29795cee.jpg 277,80,358,224,1 153,233,211,336,1 145,80,203,232,1 0,81,292,150,1
IMG_20231114_113439_jpg.rf.05395a0413727b8d81153a3bdf635ab7.jpg 139,272,186,323,0 314,383,350,423,0 288,118,449,236,1
IMG_20231114_113538_jpg.rf.28ad419100b89381bf92d15f823432de.jpg 239,143,316,242,1 331,149,449,203,1 346,171,374,326,1 398,220,447,368,1 164,305,256,415,1 153,83,253,335,1 0,152,106,216,1 1,359,62,420,1 133,415,311,460,1 257,435,398,558,1 325,422,442,495,1 497,399,609,471,1 537,375,639,407,1 408,230,640,379,1 591,178,640,218,1 45,283,78,311,0
IMG_20231114_113538_jpg.rf.8c77ee74022285610c142493ad8fa2cf.jpg 335,127,416,231,1 193,134,318,191,1 273,157,303,320,1 197,208,248,364,1 397,298,494,414,1 400,81,506,330,1 555,137,640,204,1 602,354,640,418,1 340,413,527,460,1 248,434,397,560,1 202,421,326,498,1 25,396,143,472,1 0,371,100,405,1 1,218,238,375,1 0,164,44,206,1 586,275,621,304,0
IMG_20231114_113445_jpg.rf.232831a570d9d062e7a2d791fced2100.jpg 339,257,381,298,0 328,308,362,341,0 519,86,582,490,1 426,80,499,194,1 219,80,304,200,1
IMG_20231114_113703_jpg.rf.665e296a0ce07e48ad57de085e599400.jpg 151,324,248,457,1 250,259,354,291,1 289,317,380,384,1 434,290,511,325,1 417,192,465,262,1
IMG_20231114_113703_jpg.rf.2055eb6070266ce2850d91d246843420.jpg 398,195,498,331,1 289,366,396,399,1 263,270,356,339,1 128,330,207,366,1 175,394,224,466,1
IMG_20231114_113532_jpg.rf.b2a07c45eb893eef9f6ff1b51733bba4.jpg 312,160,421,209,1 224,146,298,239,1 142,89,244,320,1 1,151,110,208,1 262,229,401,276,1 297,285,539,355,1 254,307,391,369,1 457,388,559,454,1 554,184,639,240,1 492,333,630,391,1 296,406,405,471,1 235,413,361,535,1 119,338,272,427,1 91,348,208,412,1 0,339,58,393,1 44,270,77,296,0
IMG_20231114_113703_jpg.rf.cb7cf9a26c64c134dfb8aa4250021e28.jpg 161,319,254,445,1 256,256,355,287,1 293,311,379,375,1 432,286,505,319,1 415,193,461,260,1
IMG_20231114_113705_jpg.rf.afed338a9b998a1939f063fe478604c8.jpg 396,315,504,470,1 251,313,349,387,1 125,291,202,327,1 171,194,221,265,1 281,252,389,285,1
IMG_20231114_113507_jpg.rf.afff812f7ad5cf4e275bd6484ff9b431.jpg 450,452,488,484,0 44,445,155,560,1 83,354,419,560,1 236,132,295,246,1 190,228,355,335,1 377,247,438,425,1
IMG_20231114_113705_jpg.rf.db2d1f2592865e33d45524556466bbaa.jpg 147,318,248,463,1 292,316,383,385,1 429,296,500,330,1 410,205,457,271,1 254,259,355,290,1
IMG_20231114_113445_jpg.rf.f44cb55ab585b323d747d52470f3608b.jpg 258,338,297,376,0 275,299,306,329,0 72,160,131,535,1 150,434,217,560,1 329,429,408,560,1
IMG_20231114_113445_jpg.rf.f1f84038f49e1a59f55ab9b55a385744.jpg 261,261,300,299,0 278,309,310,340,0 75,102,134,479,1 152,81,220,204,1 334,80,413,208,1
IMG_20231114_113507_jpg.rf.e163201f831c17ce7abefa9ae81a395a.jpg 427,456,463,487,0 40,449,145,560,1 77,362,398,560,1 223,151,279,260,1 178,242,336,344,1 357,261,415,430,1
IMG_20231114_113507_jpg.rf.d269b9caf78b186837350ed3d00f0237.jpg 428,454,464,484,0 45,447,149,603,1 212,571,291,640,1 83,361,400,602,1 226,151,282,259,1 182,242,338,343,1 360,260,417,428,1
IMG_20231114_113703_jpg.rf.e69da263014605265fe77be3b106a850.jpg 151,313,251,449,1 254,246,361,279,1 294,305,387,374,1 444,277,523,313,1 426,177,475,249,1
IMG_20231114_113538_jpg.rf.f79ad0b20e10e33f938d23b92c1c879c.jpg 328,398,407,500,1 189,438,311,494,1 268,312,297,471,1 192,268,242,420,1 389,219,484,333,1 391,302,495,560,1 543,425,640,491,1 589,215,640,278,1 333,174,516,220,1 242,81,388,200,1 198,137,319,213,1 25,162,140,236,1 0,228,98,261,1 0,257,232,411,1 1,423,44,464,1 573,327,607,355,0
IMG_20231114_113439_jpg.rf.f9fad78d1dfda1597b8a07b5a4a4e01e.jpg 469,309,515,359,0 310,212,345,251,0 213,393,369,508,1 462,515,575,560,1
IMG_20231114_113705_jpg.rf.e2d1650983177b22fa868a8bc16353c4.jpg 128,152,237,308,1 284,236,382,311,1 432,295,509,332,1 412,359,462,430,1 243,337,352,371,1
IMG_20231114_113517_jpg.rf.f757532be4fe3532ee03f64bd8f96b55.jpg 282,407,363,560,1 159,295,217,398,1 151,398,209,560,1 0,481,298,560,1
IMG_20231114_113517_jpg.rf.fa2731fc76d18c8b52938d44f75acad7.jpg 271,80,350,237,1 149,245,206,347,1 142,81,199,246,1 0,81,286,164,1
IMG_20231114_113705_jpg.rf.f994936f037518e3f9ac23fb57f74006.jpg 392,161,502,320,1 244,245,344,321,1 115,306,193,343,1 163,370,214,442,1 275,349,386,383,1