     0/199     1.99G   0.08785   0.02464   0.01804    0.1305        51       640   0.01951   0.04717  0.008303  0.001238    0.1191   0.03789   0.02069
     1/199     6.46G   0.08517   0.02539   0.01694    0.1275        32       640   0.01793   0.06604  0.008404  0.001468     0.117   0.03936   0.01997
     2/199     6.46G   0.08068   0.02488   0.01556    0.1211        19       640   0.03178   0.04717  0.008408   0.00128    0.1148   0.04085   0.01916
     3/199     6.46G   0.07961   0.02963    0.0146    0.1238        55       640   0.02772   0.04717   0.01025  0.001792     0.113   0.04172   0.01812
     4/199     6.46G   0.07777   0.03019   0.01297    0.1209        73       640   0.03936   0.09434   0.02979  0.004367    0.1118   0.04195     0.017
     5/199     6.46G   0.07468   0.02658   0.01141    0.1127        37       640   0.06365    0.1038   0.05262   0.01319    0.1102   0.04272   0.01627
     6/199     6.46G   0.07111   0.02887   0.01087    0.1109        52       640   0.08803    0.1509   0.08864   0.02166    0.1107   0.04137    0.0147
     7/199     6.46G   0.06786   0.03271  0.009572    0.1101        41       640    0.7699    0.1604    0.1829   0.05709    0.1083   0.04149   0.01373
     8/199     6.46G   0.06542   0.02832  0.008028    0.1018        39       640    0.7903    0.2351     0.301   0.07261    0.1032    0.0434   0.01339
     9/199     6.46G   0.06324   0.03263  0.007483    0.1034        77       640    0.2687    0.4057    0.3491    0.1003    0.1011   0.04181    0.0131
    10/199     6.47G   0.06117   0.02742  0.006529   0.09512        43       640    0.1467    0.3758    0.1195   0.02169    0.1039   0.03964   0.01238
    11/199     6.47G   0.06267   0.02735  0.005494   0.09552        54       640    0.8087    0.3959    0.3901    0.1088   0.09912   0.04037   0.01206
    12/199     6.47G   0.05919   0.02785  0.004911   0.09195        49       640    0.5872    0.4984    0.3156   0.08784   0.09707   0.04087   0.01145
    13/199     6.47G   0.05924   0.02588  0.004207   0.08933        57       640     0.318    0.7311    0.5432    0.1624   0.09224   0.04082   0.01089
    14/199     6.47G   0.05989   0.02386  0.004207   0.08796        62       640    0.3958    0.6745    0.5092    0.1317   0.09929   0.03596   0.01055
    15/199     6.47G   0.05897   0.02328  0.003695   0.08595        55       640    0.4419    0.8777    0.5842    0.1954   0.09803   0.03428  0.009982
    16/199     6.47G   0.05999   0.02278  0.003324   0.08609        56       640    0.4556    0.5324    0.3797     0.194    0.1027   0.03441   0.01001
    17/199     6.47G   0.05644   0.02243  0.003061   0.08192        58       640    0.6593    0.6376    0.5154    0.2121   0.09329   0.03634  0.009684
    18/199     6.47G   0.05684   0.02286  0.003177   0.08288        24       640    0.6752    0.7028    0.6413    0.2253   0.09675   0.03637  0.009124
    19/199     6.47G   0.05541   0.02302  0.003174   0.08161        49       640    0.4649    0.7484     0.717    0.2399   0.09557   0.03621  0.008911
    20/199     6.47G   0.05377   0.02365  0.002974   0.08039        55       640    0.7368    0.7217     0.804    0.3378   0.08531   0.03687  0.008736
    21/199     6.47G   0.04996   0.02091  0.002424   0.07329        33       640     0.528    0.7673    0.6164    0.2893   0.09071   0.03551  0.008642
    22/199     6.47G   0.05313   0.02337  0.002319   0.07882        40       640    0.4446    0.9417    0.7339    0.2558   0.08795   0.03559  0.008402
    23/199     6.47G   0.05077   0.02183  0.002428   0.07502        29       640    0.5552    0.8789    0.7071    0.2564   0.09172   0.03483   0.00805
    24/199     6.47G   0.05289   0.01928  0.002129   0.07429        30       640    0.6752    0.8978    0.7069    0.4327   0.08887   0.03692  0.008277
    25/199     6.47G   0.04796   0.02167  0.002566   0.07219        66       640    0.7008    0.8145    0.9081    0.4616   0.08755    0.0364  0.007807
    26/199     6.47G   0.05106   0.02079  0.002012   0.07386        53       640    0.5657    0.8767    0.7072    0.4265   0.08625   0.03711  0.007861
    27/199     6.47G   0.05967   0.01925  0.002261   0.08118        60       640    0.4533    0.4025    0.3252   0.05218   0.09385    0.0372  0.008174
    28/199     6.48G   0.05814   0.01896  0.002303    0.0794        15       640    0.6057    0.9029    0.7894    0.3711   0.08665   0.03941  0.008073
    29/199     6.48G   0.05209   0.02253  0.002538   0.07716        90       640    0.5869    0.9072     0.863    0.5073    0.0857   0.03795  0.007959
    30/199     6.48G   0.05015   0.01938  0.002513   0.07204         9       640    0.6247    0.8637    0.8822    0.3984   0.09356   0.03646  0.007796
    31/199     6.48G   0.05282   0.02245  0.002441   0.07771        37       640    0.7334    0.8773    0.8534    0.4377   0.08704   0.03669  0.008076
    32/199     6.48G    0.0538   0.02175  0.002105   0.07766        25       640    0.6973    0.9148    0.8798    0.3619   0.08963   0.03543  0.008344
    33/199     6.48G   0.06034   0.02053  0.002492   0.08336        83       640    0.5915    0.8553    0.7139    0.4429   0.08976   0.03504  0.008318
    34/199     6.48G   0.05536   0.02161  0.002086   0.07905        98       640    0.7498    0.9227     0.823    0.5125    0.0835   0.03546  0.007952
    35/199     6.48G   0.05226   0.01908  0.002233   0.07358        16       640    0.7938    0.9256    0.9086    0.6095   0.07875   0.03618  0.007577
    36/199     6.48G   0.04944   0.02045  0.002153   0.07204        64       640    0.6726    0.9806     0.931    0.6687   0.08401   0.03425  0.007194
    37/199     6.48G   0.05119    0.0177  0.002596   0.07148        18       640    0.7181     0.896    0.8913    0.6316   0.09104   0.03338  0.007314
    38/199     6.48G   0.04875   0.01923  0.002537   0.07052        64       640    0.8594    0.8496    0.9773    0.6944   0.08503   0.03477  0.007356
    39/199     6.48G   0.04335      0.02  0.002653     0.066        27       640    0.6589    0.8961    0.7424    0.4142   0.08865   0.03452  0.007296
    40/199     6.48G   0.04805   0.01957  0.002188   0.06981        54       640     0.838    0.8973    0.9086     0.557   0.08079   0.03577  0.007815
    41/199     6.48G    0.0488    0.0204  0.002348   0.07155        48       640    0.8248    0.8867    0.8729    0.4391   0.08688   0.03449  0.007759
    42/199     6.48G   0.04776   0.01973  0.002301   0.06979        51       640    0.8096    0.8764     0.965    0.5669   0.08271   0.03416    0.0075
    43/199     6.48G   0.04344   0.02117  0.002212   0.06682        73       640    0.7218    0.8717    0.9472    0.4927   0.09698   0.03153  0.006882
    44/199     6.48G   0.05282   0.01691  0.002165   0.07189        62       640    0.6604    0.9609    0.9599    0.5723   0.09726   0.02973  0.006914
    45/199     6.48G    0.0538    0.0191   0.00212   0.07502        26       640    0.6102    0.8856    0.7801    0.3687    0.1091   0.02806  0.006781
    46/199     6.48G   0.06888   0.01693  0.002373   0.08819        30       640    0.5476    0.9623    0.8898    0.5712    0.1122   0.02543  0.007004
    47/199     6.48G   0.06394    0.0161  0.003415   0.08346        31       640    0.5755    0.9623    0.9122    0.5184    0.1105    0.0276  0.007213
    48/199     6.48G   0.05679   0.01927  0.003151   0.07921        61       640    0.7467    0.9717    0.9603    0.6053    0.1071   0.02952  0.007341
    49/199     6.48G   0.05125    0.0217  0.003344    0.0763        33       640    0.8837      0.98    0.9835    0.7227    0.1043   0.02904  0.007227
    50/199     6.48G   0.05001   0.02105  0.003202   0.07427        45       640    0.8936    0.8978    0.9725    0.5465    0.1042   0.02919   0.00719
    51/199     6.48G   0.05259   0.01837  0.003274   0.07423        53       640    0.6786    0.8581    0.6747    0.5098    0.1093    0.0285  0.007102
    52/199     6.48G   0.05536   0.02063  0.003173   0.07917        60       640    0.9108    0.9311    0.9778    0.5633    0.1005   0.02986   0.00756
    53/199     6.48G   0.04729   0.02529  0.003223    0.0758        74       640    0.9322    0.9262    0.9778    0.6486   0.09966   0.02932  0.007647
    54/199     6.48G   0.04767   0.02118  0.002682   0.07154        21       640    0.8873    0.9323    0.9478    0.3532    0.1008    0.0286  0.007738
    55/199     6.48G   0.05382   0.01765  0.002529     0.074        65       640    0.7522    0.9802    0.8945    0.5544    0.1007   0.02684  0.007746
    56/199     6.48G    0.0499   0.01565  0.002331   0.06788        30       640    0.8692    0.8978    0.9548    0.7362   0.09648   0.02675  0.007671
    57/199     6.48G   0.04949   0.01755  0.002244   0.06928        38       640    0.6587    0.7469    0.6931    0.4648     0.102    0.0279  0.007811
    58/199     6.48G   0.04994   0.02022  0.002335   0.07249        90       640    0.7701    0.9062    0.8941    0.4034   0.09628   0.02774   0.00836
    59/199     6.48G   0.04571   0.02086  0.002603   0.06917        57       640    0.7525    0.8903    0.9062    0.3317   0.09719   0.02753  0.008379
    60/199     6.48G   0.04351    0.0194   0.00239    0.0653        50       640    0.8315    0.9072    0.9167    0.5762   0.09456   0.02657  0.008563
    61/199     6.48G   0.03949   0.01944  0.002376   0.06131        39       640    0.8952    0.9906    0.9796    0.6612   0.09282   0.02753   0.00918
    62/199     6.48G   0.04031   0.01751  0.002161   0.05998        63       640    0.8206    0.9717    0.9525    0.3791   0.09333   0.02735  0.009363
    63/199     6.48G    0.0417   0.01518  0.002071   0.05895        18       640    0.6539    0.9894    0.8471    0.5273   0.09703   0.02794    0.0101
    64/199     6.48G   0.04834   0.01691  0.002186   0.06744        29       640    0.6782    0.9072     0.855    0.4967   0.09622   0.02812  0.009887
    65/199     6.48G   0.04504   0.02173  0.002129   0.06889        68       640    0.6911    0.8968    0.8978    0.5416    0.0926   0.02917  0.009995
    66/199     6.48G   0.04307   0.01866  0.002552   0.06428        36       640    0.7735    0.9857    0.9454    0.6229    0.0853   0.03212   0.01038
    67/199     6.48G   0.04501   0.01953  0.002279   0.06681        66       640    0.7499     0.958     0.886    0.5385   0.09034   0.03129   0.01015
    68/199     6.48G   0.04516   0.01696  0.002401   0.06452        18       640    0.7977    0.9528    0.8603    0.4383    0.0862    0.0329   0.01029
    69/199     6.48G    0.0417   0.02073  0.002536   0.06497        33       640    0.8198    0.9691    0.9023     0.662   0.08052   0.03391  0.009848
    70/199     6.48G   0.03521   0.02113  0.002396   0.05873        69       640    0.8603      0.99    0.9794    0.7231   0.07535   0.03358  0.009568
    71/199     6.48G   0.03211   0.02365  0.001988   0.05775        66       640    0.7945    0.9906    0.9806    0.6893   0.07362   0.03088  0.009149
    72/199     6.48G   0.03859   0.02121  0.001779   0.06158        59       640     0.713    0.9904    0.7739    0.5246   0.08179   0.03145  0.008911
    73/199     6.48G   0.04368   0.02295  0.002307   0.06894        37       640    0.5962    0.8954    0.7579     0.546    0.0975   0.02739  0.008845
    74/199     6.48G   0.05312   0.01887  0.002645   0.07464        56       640    0.6012    0.9046    0.8032    0.6202   0.09229   0.02696  0.009014
    75/199     6.48G   0.04397   0.01942  0.002911    0.0663        58       640    0.7009    0.6724    0.7536    0.4506   0.09327    0.0273  0.008947
    76/199     6.48G   0.04408    0.0179   0.00301   0.06499        48       640    0.6981    0.7296    0.7531    0.4948    0.0899   0.02878   0.00844
    77/199     6.48G   0.04074   0.02068  0.002767   0.06419        65       640    0.7628    0.7956    0.8416    0.5581   0.08413   0.03085  0.008331
    78/199     6.48G   0.03751   0.02131  0.002994   0.06182        15       640    0.7207    0.8695    0.7602    0.3674   0.08638   0.03045   0.00825
    79/199     6.48G   0.04164    0.0183  0.002497   0.06244        68       640    0.7278    0.8693     0.761    0.4526   0.08829   0.02882  0.007958
    80/199     6.48G   0.04215   0.02013   0.00253   0.06481        72       640     0.735    0.8671    0.7693    0.4643   0.08868    0.0278  0.007802
    81/199     6.48G    0.0411   0.02041  0.002541   0.06406        52       640    0.6522    0.8412    0.7067    0.1484   0.09012   0.02816  0.007588
    82/199     6.48G    0.0434   0.02043  0.002447   0.06628        19       640    0.7603    0.8978    0.8841    0.4772   0.08069   0.02837  0.007446
    83/199     6.48G   0.03375   0.02123  0.002322    0.0573        67       640    0.7579    0.9072    0.8741    0.4482   0.08325   0.02721  0.007218
    84/199     6.48G   0.03458    0.0206  0.002056   0.05724        51       640    0.8097    0.8902    0.8924    0.4857   0.07955   0.02638  0.007147
    85/199     6.48G   0.03824   0.01874   0.00204   0.05902        38       640      0.66    0.8952    0.8672    0.5005   0.08959   0.02521  0.007232
    86/199     6.48G   0.03894   0.01909  0.001927   0.05996        60       640    0.6993    0.8463    0.9253    0.5344   0.09265   0.02466  0.007617
    87/199     6.48G   0.03843   0.01517   0.00159   0.05518        33       640    0.7899    0.8169    0.9611    0.5766   0.09473   0.02404  0.008813
    88/199     6.48G   0.04013   0.01682   0.00165    0.0586        63       640    0.8861    0.8244    0.9814    0.7001   0.09403   0.02398   0.01006
    89/199     6.48G    0.0337   0.01753  0.001695   0.05292        46       640    0.8296    0.9811    0.9609    0.6592   0.09203   0.02431  0.009933
    90/199     6.48G   0.03226    0.0184  0.001943    0.0526        45       640    0.9115    0.9807    0.9816    0.7906   0.09199   0.02442     0.011
    91/199     6.48G   0.03818   0.01842  0.001553   0.05815        50       640    0.8684     0.981    0.9145    0.5898   0.09549   0.02472   0.01143
    92/199     6.48G   0.03868   0.01812  0.001684   0.05848        55       640    0.7924    0.9789    0.9065    0.6896   0.09458   0.02504   0.01195
    93/199     6.48G   0.03557   0.01599  0.001668   0.05323        25       640    0.8545    0.9808    0.9533    0.4099   0.09662   0.02573   0.01261
    94/199     6.48G    0.0421   0.01614  0.001529   0.05977        21       640    0.9181    0.9811    0.9829     0.686   0.09377   0.02535   0.01313
    95/199     6.48G   0.03244   0.01961  0.001801   0.05384        56       640    0.9184    0.9809    0.9832    0.7144   0.09233   0.02577   0.01358
    96/199     6.48G   0.03117   0.02189  0.001852   0.05491        72       640    0.9069    0.9808    0.9842    0.5386   0.09172   0.02527   0.01409
    97/199     6.48G   0.03368   0.01537  0.001553    0.0506        22       640    0.9454    0.8975    0.9737    0.7841   0.08867   0.02498   0.01399
    98/199     6.48G   0.03269   0.01815   0.00163   0.05246        60       640    0.7957     0.968    0.9845    0.4532   0.09226   0.02431   0.01318
    99/199     6.48G   0.04397   0.01524    0.0016   0.06081        40       640    0.7538    0.9072    0.9614    0.7098   0.08946   0.02529   0.01271
   100/199     6.48G   0.04131   0.01783  0.001582   0.06072        57       640    0.8724    0.8992    0.9781    0.7665   0.08491   0.02555   0.01224
   101/199     6.48G   0.02961    0.0172  0.001708   0.04852        56       640    0.8499    0.9906     0.942    0.6413   0.08173   0.02626   0.01162
   102/199     6.48G   0.02731    0.0184  0.001684    0.0474        53       640    0.9435      0.99    0.9891    0.7609   0.08059   0.02586   0.01143
   103/199     6.48G   0.02455   0.01799   0.00163   0.04417        56       640    0.9819    0.9892    0.9897    0.7599   0.07898   0.02603   0.01157
   104/199     6.48G    0.0229   0.01821  0.001502   0.04261        49       640    0.9753    0.9906    0.9899    0.7941   0.07935   0.02519   0.01256
   105/199     6.48G   0.02257   0.01612  0.001711    0.0404        34       640    0.9936     0.988    0.9901    0.7927   0.07949   0.02403   0.01359
   106/199     6.48G   0.02799   0.01468  0.001367   0.04403        36       640    0.7325    0.9897     0.933    0.6156   0.08454   0.02415   0.01219
   107/199     6.48G   0.03711   0.01619  0.001333   0.05463        35       640    0.7298    0.9898     0.951    0.6284   0.08596   0.02338   0.01248
   108/199     6.48G   0.03336   0.01714    0.0014   0.05189        61       640    0.9018    0.9072    0.9588    0.6887   0.08491   0.02358   0.01248
   109/199     6.48G      0.03   0.01609   0.00137   0.04745        45       640    0.8773    0.9895    0.9817    0.7544    0.0822   0.02405   0.01277
   110/199     6.48G   0.02455   0.01741  0.001487   0.04345        56       640     0.919    0.9906    0.9873    0.7775   0.08034   0.02435   0.01293
   111/199     6.48G   0.02266   0.02024  0.001447   0.04436        95       640    0.9199    0.9885    0.9893    0.8137   0.07907   0.02467   0.01276
   112/199     6.48G     0.023   0.01908  0.001557   0.04363        62       640    0.9741    0.9906    0.9901    0.7572   0.07882   0.02413   0.01251
   113/199     6.48G   0.03081   0.01552  0.001245   0.04758        36       640    0.8618    0.9906    0.9427    0.6878   0.08618   0.02412   0.01237
   114/199     6.48G   0.03579   0.01689   0.00113    0.0538        66       640    0.7683    0.9906    0.9492    0.5184   0.08634   0.02304   0.01254
   115/199     6.48G   0.03262   0.01443  0.001077   0.04814        21       640    0.7666    0.9898      0.96    0.7436   0.08715   0.02324    0.0127
   116/199     6.48G    0.0382   0.01597  0.001118   0.05529        58       640    0.7666    0.9898      0.96    0.7436   0.08715   0.02325    0.0127
   117/199     6.48G   0.04107   0.01603  0.001216   0.05831        26       640    0.7649    0.9906      0.97     0.715   0.09025   0.02345   0.01256
   118/199     6.48G   0.03985   0.01649  0.001264    0.0576        45       640    0.7414    0.9903    0.9679    0.6927   0.09135   0.02349   0.01241
   119/199     6.48G   0.03662   0.01772  0.001353    0.0557        44       640    0.7369    0.9906    0.9641    0.6656   0.09106   0.02352   0.01215
   120/199     6.48G   0.03268   0.01757  0.001269   0.05152        59       640    0.7318    0.9906    0.9633    0.6516   0.09041   0.02341   0.01205
   121/199     6.48G   0.03017   0.01732   0.00142   0.04891        41       640    0.7364    0.9906    0.9661    0.6688   0.08962   0.02334   0.01204
   122/199     6.48G   0.02869   0.01531   0.00143   0.04542        48       640    0.7407    0.9906    0.9683    0.6447   0.08897   0.02353   0.01215
   123/199     6.48G   0.02866   0.01621  0.001462   0.04632        27       640    0.7391    0.9904    0.9677    0.6393   0.08879   0.02383   0.01235
   124/199     6.48G    0.0291   0.01688   0.00144   0.04742        46       640      0.75    0.9906    0.9738    0.5991   0.08833   0.02409   0.01264
   125/199     6.48G   0.02874   0.01473   0.00156   0.04503        61       640    0.7764    0.9901    0.9819    0.5953   0.08775   0.02429   0.01291
   126/199     6.48G   0.02735   0.01706  0.001362   0.04577        72       640    0.8383    0.9479    0.9832    0.5621   0.08694   0.02451   0.01315
   127/199     6.48G   0.02685   0.01349  0.001465   0.04181        32       640    0.8669    0.9902    0.9859    0.5563   0.08569   0.02474    0.0134
   128/199     6.48G   0.02593   0.01617  0.001952   0.04405        38       640    0.9181    0.9555    0.9869    0.5509   0.08422   0.02507   0.01368
   129/199     6.48G   0.02392   0.01852  0.001399   0.04384        65       640    0.9637    0.8962    0.9617    0.5418   0.08329   0.02533   0.01344
   130/199     6.48G   0.02425   0.01631   0.00149   0.04205        71       640    0.8525    0.9728    0.9653    0.6189   0.08201   0.02571   0.01328
   131/199     6.48G   0.02347   0.01583  0.001396    0.0407        40       640    0.9793    0.9811     0.989    0.6533   0.08134   0.02582    0.0133
   132/199     6.48G   0.02369   0.01686  0.001476   0.04202        68       640    0.9621    0.9811    0.9889    0.6992   0.08081   0.02596    0.0131
   133/199     6.49G    0.0227   0.01812  0.001358   0.04219        52       640    0.9478    0.9906    0.9888    0.7367   0.08024   0.02619   0.01294
   134/199     6.49G   0.02143   0.01494  0.001246   0.03762        77       640    0.9423    0.9906    0.9894    0.7964   0.07979    0.0264   0.01263
   135/199     6.49G   0.02261   0.01654  0.001293   0.04044        49       640    0.9083    0.9906     0.989    0.7418   0.07905   0.02667   0.01228
   136/199     6.49G   0.02212   0.01701  0.001466    0.0406        71       640    0.8972    0.9875     0.989    0.8213   0.07834   0.02671   0.01203
   137/199     6.49G   0.02174   0.01507  0.001294    0.0381        19       640    0.8194    0.9906    0.9533     0.808   0.07713   0.02711   0.01176
   138/199     6.49G   0.02233   0.01471  0.001454    0.0385        28       640     0.825    0.9906    0.9419    0.8017   0.07608   0.02737   0.01172
   139/199     6.49G   0.02107    0.0154  0.001194   0.03766        36       640    0.8294    0.9906    0.9533     0.816    0.0751   0.02741   0.01171
   140/199     6.49G   0.02117    0.0152  0.001323   0.03769        41       640    0.8452    0.9906    0.9421    0.8429   0.07418    0.0274   0.01163
   141/199     6.49G   0.02106    0.0145  0.001269   0.03683        27       640     0.833    0.9906    0.9421    0.8423   0.07333    0.0275   0.01161
   142/199     6.49G   0.01995   0.01516  0.001388    0.0365        41       640     0.843    0.9906    0.9424    0.8564   0.07264    0.0275   0.01162
   143/199     6.49G   0.02088   0.01559  0.001496   0.03797        45       640    0.8399    0.9906    0.9426    0.8592   0.07184   0.02754   0.01159
   144/199     6.49G   0.01992   0.01668  0.001337   0.03794        44       640    0.8247    0.9906    0.9304    0.8456   0.07113   0.02748   0.01154
   145/199     6.49G   0.02092   0.01459  0.001506   0.03701        39       640    0.8188    0.9906    0.9304    0.8419   0.07054   0.02778   0.01143
   146/199     6.49G    0.0193   0.01541  0.001181    0.0359        40       640     0.809    0.9906    0.9304    0.8216   0.07021   0.02769   0.01132
   147/199     6.49G    0.0194    0.0158  0.001256   0.03645        53       640    0.8173    0.9906    0.9304    0.8247   0.06983   0.02762   0.01131
   148/199     6.49G   0.01993   0.01597    0.0018    0.0377        38       640    0.8187    0.9906    0.9426    0.8461   0.06955   0.02749   0.01128
   149/199     6.49G   0.01941   0.01562  0.001429   0.03646        27       640    0.8256    0.9906    0.9783    0.8759   0.06925   0.02747   0.01129
   150/199     6.49G   0.01861   0.01835  0.001336    0.0383        90       640    0.9036    0.9893    0.9897    0.8779   0.06897    0.0276   0.01132
   151/199     6.49G   0.01923    0.0154  0.001441   0.03606        14       640    0.9021    0.9894    0.9897    0.8342   0.06863   0.02761   0.01127
   152/199     6.49G   0.01835   0.01743   0.00133   0.03711        70       640    0.9201    0.9906    0.9897    0.7873   0.06833   0.02743   0.01127
   153/199     6.49G   0.01819   0.01585  0.001535   0.03558        74       640    0.9193    0.9906    0.9897    0.7555   0.06806   0.02752   0.01121
   154/199     6.49G   0.01853   0.01546  0.001293   0.03528        31       640     0.927    0.9899    0.9897    0.7381   0.06773   0.02752   0.01116
   155/199     6.49G   0.01823   0.01417  0.001393    0.0338        50       640    0.9346    0.9906    0.9897    0.7172   0.06773   0.02745   0.01119
   156/199     6.49G   0.01805   0.01651  0.001341    0.0359        61       640    0.9369    0.9906    0.9897    0.7035   0.06779   0.02716    0.0113
   157/199     6.49G   0.01796   0.01658  0.001431   0.03597        29       640    0.9398    0.9906    0.9897    0.7249   0.06773   0.02719   0.01136
   158/199     6.49G   0.01746   0.01646  0.001236   0.03515        59       640    0.9418    0.9897    0.9897    0.7306   0.06757   0.02723   0.01145
   159/199     6.49G   0.01808   0.01639   0.00121   0.03568        41       640    0.9453    0.9906    0.9897    0.7788   0.06737   0.02713   0.01147
   160/199     6.49G   0.01762   0.01527  0.001216   0.03411        39       640    0.9676    0.9906    0.9897    0.7848   0.06724   0.02725   0.01149
   161/199     6.49G   0.01799   0.01339  0.001446   0.03283        42       640    0.9733    0.9906    0.9897    0.7743   0.06728   0.02706   0.01157
   162/199     6.49G   0.01794   0.01375  0.001538   0.03323        63       640    0.9739    0.9906    0.9897    0.7802   0.06697   0.02702   0.01165
   163/199     6.49G   0.01765   0.01621  0.001424   0.03529        55       640     0.983    0.9906    0.9899    0.7856   0.06682   0.02692   0.01171
   164/199     6.49G   0.01695   0.01606  0.001199   0.03421        57       640    0.9833    0.9906    0.9899    0.8074   0.06677   0.02694   0.01178
   165/199     6.49G   0.01666   0.01624   0.00111   0.03401        52       640    0.9832    0.9906    0.9899    0.8481   0.06655    0.0268   0.01177
   166/199     6.49G   0.01702   0.01595  0.001216   0.03419        57       640    0.9832    0.9906    0.9899    0.8203   0.06648   0.02671   0.01178
   167/199     6.49G   0.01729   0.01509  0.001579   0.03396        25       640    0.9832    0.9906    0.9899    0.8204   0.06638    0.0267   0.01181
   168/199     6.49G   0.01668   0.01431  0.001459   0.03244        54       640    0.9833    0.9906    0.9899    0.8323   0.06639    0.0265   0.01188
   169/199     6.49G   0.01652    0.0162  0.001123   0.03384        47       640    0.9833    0.9906    0.9899    0.8189   0.06626   0.02647   0.01193
   170/199     6.49G   0.01657    0.0152  0.001302   0.03307        63       640     0.984    0.9906    0.9899    0.8322   0.06613   0.02646   0.01194
   171/199     6.49G   0.01586   0.01771  0.001128    0.0347        96       640    0.9837    0.9906    0.9899    0.8104   0.06597   0.02643   0.01192
   172/199     6.49G   0.01638   0.01696   0.00139   0.03473        38       640    0.9839    0.9906    0.9899    0.8327    0.0659   0.02639    0.0119
   173/199     6.49G   0.01761   0.01566  0.001462   0.03473        36       640     0.984    0.9906    0.9899    0.8446   0.06579   0.02648   0.01191
   174/199     6.49G   0.01656   0.01415  0.001358   0.03207        62       640    0.9843    0.9906    0.9899    0.8573   0.06576   0.02644   0.01197
   175/199     6.49G    0.0165   0.01463   0.00098    0.0321        20       640    0.9836    0.9906    0.9897    0.8315   0.06554   0.02633   0.01192
   176/199     6.49G   0.01635   0.01422  0.001572   0.03215        30       640    0.9922    0.9906    0.9901    0.8246   0.06535   0.02642    0.0119
   177/199     6.49G   0.01622   0.01493  0.001148    0.0323        33       640    0.9919    0.9906    0.9901    0.8165   0.06519   0.02629    0.0119
   178/199     6.49G   0.01632    0.0125  0.001162   0.02998        12       640    0.9919    0.9906    0.9901    0.8239   0.06509   0.02625   0.01194
   179/199     6.49G   0.01611   0.01495  0.001124   0.03218        32       640     0.992    0.9906    0.9901    0.8167    0.0648   0.02636   0.01192
   180/199     6.49G   0.01594   0.01516  0.001144   0.03224        52       640    0.9919    0.9904    0.9901    0.8201   0.06456   0.02627   0.01189
   181/199     6.49G   0.01521   0.01388  0.001232   0.03032        24       640    0.9914    0.9906    0.9901    0.8194   0.06435   0.02629   0.01179
   182/199     6.49G   0.01609   0.01397  0.001158   0.03122        17       640    0.9913    0.9906    0.9901    0.8264   0.06415    0.0264   0.01176
   183/199     6.49G   0.01615   0.01447  0.001154   0.03177        47       640    0.9913    0.9904    0.9901    0.8379   0.06404   0.02634   0.01174
   184/199     6.49G   0.01568   0.01459  0.001203   0.03147        43       640    0.9908    0.9906    0.9901    0.8505   0.06398   0.02623   0.01176
   185/199     6.49G   0.01545   0.01498  0.001171    0.0316        35       640    0.9904    0.9906    0.9901    0.8608   0.06389   0.02634   0.01174
   186/199     6.49G   0.01589   0.01404  0.001194   0.03112        50       640    0.9833    0.9892    0.9901    0.8568   0.06377   0.02635   0.01169
   187/199     6.49G   0.01567   0.01561  0.001543   0.03282        60       640    0.9733    0.9906    0.9901     0.853   0.06356   0.02627   0.01162
   188/199     6.49G   0.01581   0.01406  0.001207   0.03108        30       640    0.9801    0.9906    0.9901    0.8644   0.06337   0.02629   0.01155
   189/199     6.49G   0.01587   0.01511  0.001424    0.0324        35       640    0.9788    0.9906    0.9901    0.8607   0.06314   0.02629   0.01149
   190/199     6.49G   0.01533   0.01461   0.00114   0.03108        41       640    0.9778    0.9906    0.9901    0.8601   0.06277   0.02633   0.01143
   191/199     6.49G   0.01571   0.01526  0.001138   0.03211        37       640    0.9762    0.9906    0.9901    0.8527    0.0628   0.02644    0.0114
   192/199     6.49G   0.01502   0.01517  0.001172   0.03136        33       640    0.9747    0.9906    0.9901      0.85   0.06282    0.0263   0.01139
   193/199     6.49G    0.0155   0.01456 0.0009339   0.03098        32       640    0.9738    0.9906    0.9901    0.8476   0.06278   0.02637   0.01137
   194/199     6.49G   0.01526   0.01628  0.001339   0.03288        47       640    0.9734    0.9906    0.9901    0.8474    0.0627   0.02625   0.01133
   195/199     6.49G    0.0154   0.01403  0.001177    0.0306        38       640    0.9732    0.9906    0.9901    0.8618   0.06266   0.02632    0.0113
   196/199     6.49G   0.01543   0.01559  0.001128   0.03215        50       640     0.972    0.9906    0.9901     0.854   0.06253   0.02632   0.01126
   197/199     6.49G   0.01558   0.01503  0.001235   0.03184        65       640    0.9725    0.9906    0.9901    0.8467   0.06243   0.02627   0.01123
   198/199     6.49G   0.01593   0.01417  0.001289   0.03139        21       640    0.9727    0.9906    0.9901    0.8504    0.0623   0.02633   0.01123
   199/199     6.49G    0.0151   0.01638  0.001236   0.03272        61       640    0.9818    0.9906    0.9901    0.8478   0.06225   0.02618   0.01127
