     0/199        0G   0.08719   0.02468   0.01746    0.1293        61       640   0.02465   0.03774  0.008306  0.001342    0.1189   0.03819   0.02073
     1/199        0G   0.08438   0.02594   0.01678    0.1271        34       640   0.02585    0.0283  0.007468  0.001032    0.1174   0.03919   0.02004
     2/199        0G   0.08356   0.02469   0.01591    0.1242        55       640   0.01225    0.4009  0.007322 0.0009642    0.1155   0.04034   0.01894
     3/199        0G   0.07999   0.02737    0.0145    0.1219        39       640   0.04305    0.0283  0.007037  0.001321    0.1149   0.04051   0.01761
     4/199        0G   0.07798   0.02853   0.01329    0.1198        57       640    0.0693    0.0566   0.02003  0.003714    0.1131   0.04125   0.01647
     5/199        0G   0.07379   0.02798   0.01128     0.113        32       640    0.1254   0.07547   0.06333   0.01018    0.1093   0.04347   0.01561
     6/199        0G   0.07122   0.03111   0.01027    0.1126        52       640    0.1349    0.1226    0.1172   0.02873    0.1056   0.04465   0.01442
     7/199        0G   0.06841   0.02768  0.008793    0.1049        43       640    0.6703    0.1604    0.1229   0.02858    0.1047   0.04438   0.01403
     8/199        0G   0.06449   0.03334  0.007444    0.1053        65       640    0.7599    0.3585    0.2904   0.09288    0.1004   0.04344   0.01304
     9/199        0G   0.06104   0.03011  0.006698   0.09784        57       640    0.1897     0.283    0.1569   0.02549    0.1012   0.04118   0.01248
    10/199        0G   0.06023   0.02659  0.006004   0.09282        37       640    0.8466    0.4057    0.3756    0.1171   0.09828   0.04176   0.01259
    11/199        0G   0.05907   0.02626  0.005201   0.09053        55       640    0.6675      0.29    0.2112   0.06145    0.1007    0.0395   0.01151
    12/199        0G   0.06171   0.02396  0.004776   0.09045        48       640    0.8014    0.3302    0.2592    0.0732   0.09794   0.03996   0.01126
    13/199        0G   0.06185   0.02525  0.004569   0.09166        43       640    0.7799    0.3019    0.3053   0.08212   0.09637   0.03754   0.01056
    14/199        0G   0.06181     0.026  0.004139   0.09194        55       640    0.2374    0.6478    0.4312   0.09965   0.09378   0.03715   0.01056
    15/199        0G   0.05657   0.02327  0.003693   0.08353        35       640    0.4181    0.7217    0.4822    0.1498    0.1012   0.03554   0.01022
    16/199        0G   0.05638   0.02465   0.00332   0.08435        58       640    0.4569    0.7188    0.5493    0.1367   0.09107   0.03639  0.009977
    17/199        0G    0.0559   0.02188   0.00359   0.08137        15       640    0.4732    0.7217    0.5888    0.1949    0.0951   0.03455  0.009615
    18/199        0G   0.05792   0.02506  0.003218   0.08619        43       640    0.3274    0.8789    0.4833     0.103    0.0972   0.03518  0.009449
    19/199        0G   0.05709   0.02202  0.003087    0.0822        44       640    0.5001    0.7123    0.5636    0.2137   0.09598   0.03581     0.009
    20/199        0G   0.05083    0.0222  0.002867    0.0759        68       640    0.5678    0.8768    0.6337    0.1886   0.09099   0.03702  0.009048
    21/199        0G   0.05195   0.02363  0.002554   0.07813        53       640     0.529    0.8648    0.7182    0.2313    0.0903   0.03533  0.008958
    22/199        0G   0.05191   0.02339  0.002389   0.07769        50       640    0.6007    0.9717    0.7335    0.3005   0.09231     0.036  0.009192
    23/199        0G   0.04995   0.02017  0.002687   0.07281        17       640    0.5819     0.877    0.8117    0.3009   0.08618   0.03733  0.008797
    24/199        0G   0.04996   0.02299  0.002301   0.07526        63       640    0.3897    0.9072    0.5742    0.2366   0.08903   0.03601   0.00872
    25/199        0G   0.04957   0.02121  0.002082   0.07286        54       640    0.5834    0.8239    0.7604    0.3546   0.08919   0.03435  0.008727
    26/199        0G   0.05114   0.01954  0.002168   0.07285        62       640    0.5391    0.9072    0.7734    0.3434   0.08421   0.03514  0.008915
    27/199        0G   0.05119   0.02183  0.002251   0.07527       109       640    0.7014     0.642    0.6018    0.1739    0.0916   0.03452  0.009057
    28/199        0G   0.05761   0.01993  0.002325   0.07986        54       640    0.5189    0.9717    0.6476    0.4944   0.09051   0.03477  0.009005
    29/199        0G   0.05498   0.01754  0.002384    0.0749        14       640    0.6776    0.8369    0.7228    0.5207   0.09001   0.03576  0.008673
    30/199        0G   0.05422   0.01975  0.002517   0.07648        65       640    0.7473    0.9717    0.8451    0.2047   0.08901   0.03588  0.008877
    31/199        0G   0.04931   0.01937   0.00244   0.07112        44       640    0.7249    0.9499    0.8939    0.5335   0.08244     0.036  0.008629
    32/199        0G   0.05047   0.02031  0.002218   0.07299        72       640    0.7503    0.7942    0.7908    0.4011   0.08987   0.03443  0.008584
    33/199        0G   0.05262   0.01945  0.001985   0.07405        59       640    0.6059     0.934    0.7643    0.3454   0.08368    0.0355  0.008641
    34/199        0G   0.05306   0.02004  0.002139   0.07524        52       640    0.7098    0.9518    0.8564    0.6213   0.08186   0.03498  0.008361
    35/199        0G    0.0562   0.02066  0.002024   0.07889        61       640    0.6588    0.9056    0.7322    0.4992   0.09024   0.03429  0.008409
    36/199        0G   0.05147   0.01778  0.002461    0.0717        16       640     0.574    0.9906    0.7412     0.369   0.08545    0.0352    0.0086
    37/199        0G   0.04925   0.02149  0.002723   0.07347        71       640    0.7856    0.7673    0.8468    0.2603   0.08317   0.03531  0.008695
    38/199        0G   0.05007   0.02054  0.002588    0.0732        43       640    0.7371    0.8975     0.877    0.5798   0.08269   0.03499  0.008493
    39/199        0G   0.04562   0.02148  0.002299    0.0694        59       640    0.6697    0.9616     0.852    0.5695   0.08325   0.03369  0.008443
    40/199        0G    0.0461   0.01981  0.002142   0.06805        37       640    0.8562    0.9837    0.9872    0.5841   0.07246   0.03443  0.008221
    41/199        0G   0.04179    0.0195  0.002014    0.0633        18       640    0.7005    0.9906    0.8398    0.5509   0.08441   0.03336  0.008107
    42/199        0G   0.04798   0.02129  0.002297   0.07157        26       640     0.814    0.8191    0.8372    0.4574   0.08406   0.03313  0.008343
    43/199        0G   0.04745   0.01955   0.00206   0.06906        21       640    0.8378    0.8986    0.8552    0.3383   0.08109   0.03421  0.008284
    44/199        0G   0.04779   0.01874  0.002247   0.06878        31       640    0.7085    0.9898    0.8789    0.4717   0.08337   0.03292   0.00813
    45/199        0G   0.04661   0.01755  0.002274   0.06644        27       640    0.6802    0.8861    0.7955    0.5017   0.09434   0.03288  0.007947
    46/199        0G   0.05104   0.01663  0.002705   0.07038        27       640     0.755     0.794    0.7654    0.4244    0.1031   0.03159  0.008026
    47/199        0G    0.0533   0.01834  0.002704   0.07434        37       640    0.8151    0.8125    0.8562    0.4349    0.1041   0.03135   0.00847
    48/199        0G   0.05351   0.01735  0.003004   0.07387        52       640    0.9614     0.812    0.9133    0.4808   0.09993   0.03265  0.008942
    49/199        0G   0.04888   0.02053   0.00298   0.07239        53       640    0.8979    0.8978      0.96    0.6578   0.09787   0.03236  0.009182
    50/199        0G   0.05123   0.01803  0.002359   0.07161        27       640    0.7472    0.7563    0.8222    0.5177    0.1012   0.03169  0.009137
    51/199        0G   0.05485   0.01662  0.002522     0.074        20       640    0.7505    0.9336    0.8721    0.5904   0.09548   0.03391  0.009359
    52/199        0G   0.04809   0.02102  0.002837   0.07194        73       640    0.6684    0.8679    0.7943    0.5572   0.09494   0.03296  0.008977
    53/199        0G   0.04375    0.0191  0.002587   0.06543        55       640    0.8013     0.943    0.9034     0.554   0.09337   0.03229  0.008698
    54/199        0G   0.03947   0.01997  0.002604   0.06204        26       640    0.8822    0.8978    0.9713    0.6458   0.08936   0.03249  0.008304
    55/199        0G   0.04457    0.0217  0.002416   0.06868        46       640     0.743    0.9245    0.8748    0.4436   0.09378   0.03245  0.008221
    56/199        0G   0.04872   0.02099  0.002575   0.07229        63       640    0.7543    0.9804    0.8808    0.6467   0.09391   0.03077  0.008364
    57/199        0G   0.04372   0.01945  0.002235    0.0654        57       640    0.8226    0.8583    0.9372    0.5217   0.09532   0.02998  0.008597
    58/199        0G   0.04435   0.02003  0.002014    0.0664        80       640     0.848    0.8884    0.9234    0.6594   0.09551   0.02876  0.008459
    59/199        0G   0.04693   0.01969  0.001992   0.06861        24       640    0.9159    0.8884    0.9561    0.6143    0.0989   0.02729  0.009057
    60/199        0G   0.04393   0.01841  0.001781   0.06412        25       640    0.8313    0.9281    0.9782     0.651    0.0972   0.02698  0.009367
    61/199        0G   0.04362   0.01847  0.001755   0.06385        86       640    0.7513    0.9763    0.8648    0.5605   0.09973   0.02671  0.009498
    62/199        0G   0.04829   0.01632  0.001999   0.06661        42       640    0.7607    0.8223    0.8429    0.5797    0.1011   0.02682   0.01013
    63/199        0G   0.04289   0.01869  0.002178   0.06376        34       640    0.8084    0.9115    0.9476    0.6428   0.09732   0.02769   0.01038
    64/199        0G   0.04512   0.01574  0.001946   0.06281        27       640     0.863    0.8978    0.9395    0.5862   0.09523    0.0279   0.01068
    65/199        0G   0.04476   0.02044  0.001952   0.06715        97       640    0.7295    0.8601     0.753    0.4535   0.09762    0.0293   0.01028
    66/199        0G   0.04907   0.01924   0.00233   0.07065        29       640    0.7013    0.8978    0.8169    0.5812     0.096   0.02834   0.01025
    67/199        0G   0.04867   0.01835  0.002377   0.06939        66       640    0.5786    0.8537    0.7492    0.4146   0.09646   0.02947   0.01038
    68/199        0G   0.04915   0.01835   0.00246   0.06996        45       640    0.7357    0.8123    0.8342    0.3274   0.09275   0.03028   0.01059
    69/199        0G   0.04291   0.01799  0.002564   0.06347        30       640    0.5579    0.8978    0.8184    0.3851   0.09171   0.03086   0.01089
    70/199        0G   0.04062   0.01701  0.002231   0.05986        57       640    0.7306    0.8389    0.8298    0.5079   0.09444   0.02882   0.01055
    71/199        0G    0.0468   0.01717  0.002276   0.06624        58       640    0.8229    0.8933    0.9622      0.59   0.08775   0.02936   0.01058
    72/199        0G   0.03921   0.01691  0.002349   0.05847        39       640    0.8225    0.9243     0.972    0.5475   0.08907   0.02983    0.0108
    73/199        0G   0.04205   0.01732  0.002259   0.06164        39       640    0.8049    0.8684    0.8902    0.5011   0.08893   0.02899  0.009956
    74/199        0G   0.04325   0.01603  0.002247   0.06154        53       640    0.7952    0.8978    0.9308      0.63   0.08965   0.02855  0.009637
    75/199        0G   0.03915    0.0172  0.002323   0.05868        52       640    0.8728     0.814    0.8998    0.6724   0.08142   0.02905  0.009023
    76/199        0G   0.03601   0.01711  0.002226   0.05535        21       640    0.8983    0.7406     0.823     0.652   0.07778   0.02865   0.00841
    77/199        0G   0.04071   0.01718   0.00189   0.05978        24       640    0.8679    0.7217    0.7923    0.4368   0.07689    0.0292  0.007969
    78/199        0G   0.04404   0.01778  0.001783    0.0636        43       640    0.5656    0.7311     0.726     0.526   0.08385   0.02796  0.007559
    79/199        0G   0.04097   0.01845  0.002009   0.06143        52       640    0.5892    0.7311    0.7256    0.5292   0.08534   0.02834   0.00735
    80/199        0G   0.04065    0.0194  0.001917   0.06197        64       640    0.4954    0.7311    0.7063    0.4769   0.08928   0.02805  0.007245
    81/199        0G   0.03851   0.01847  0.002261   0.05924        32       640    0.5925     0.813    0.8308    0.4728   0.08869   0.02848   0.00736
    82/199        0G   0.04211   0.01823  0.001865    0.0622        57       640    0.6072    0.8978    0.8355    0.6556   0.08337   0.03044  0.007595
    83/199        0G   0.03429    0.0187   0.00204   0.05503        49       640    0.6696    0.9859    0.9381    0.7408   0.07757   0.03213  0.007707
    84/199        0G   0.03351   0.01836  0.001819   0.05369        28       640    0.8421    0.9887     0.984    0.6841   0.07628   0.03243  0.008086
    85/199        0G   0.03922   0.01909  0.001603   0.05992        62       640    0.8354    0.9906     0.986    0.6258   0.07346   0.03204   0.00781
    86/199        0G   0.03314   0.01766  0.001658   0.05246        34       640    0.9042    0.9066     0.969    0.6231    0.0704   0.03137  0.007743
    87/199        0G   0.03007    0.0188  0.001549   0.05042        53       640     0.894    0.8958      0.92     0.675   0.07142   0.03033  0.007785
    88/199        0G   0.03465   0.01737  0.001618   0.05363        16       640    0.8134    0.9072    0.9116    0.6353    0.0761   0.02974  0.007713
    89/199        0G   0.03322   0.01713  0.001911   0.05226        49       640    0.7586    0.9069    0.9099    0.7363   0.07533   0.02902  0.007729
    90/199        0G   0.02937   0.01769  0.001561   0.04862        43       640     0.769    0.9063    0.9114    0.7046   0.07479   0.02892  0.007731
    91/199        0G   0.03422   0.01644  0.001566   0.05223        57       640    0.8172    0.9072    0.9125    0.7192    0.0739   0.02914  0.007579
    92/199        0G   0.03006    0.0167  0.001463   0.04822        53       640    0.8399    0.9072    0.9139      0.76   0.07039   0.02952  0.007757
    93/199        0G   0.02814   0.01407    0.0014   0.04361        35       640    0.7604    0.9055    0.8833    0.6473   0.07296   0.02959  0.007448
    94/199        0G   0.03801   0.01933  0.001453   0.05879        78       640    0.6363    0.9072    0.8843    0.6205   0.07615   0.02948  0.007546
    95/199        0G   0.03539   0.01602  0.001701   0.05312        23       640     0.821    0.8914    0.9178    0.7346   0.07218   0.03025  0.007719
    96/199        0G   0.03141   0.01796  0.001809   0.05118        53       640    0.8961    0.9068    0.9222    0.7473   0.06944   0.03265   0.00793
    97/199        0G   0.03164   0.01923  0.001733    0.0526        25       640    0.9488    0.9071    0.9634     0.778   0.06746   0.03114  0.008036
    98/199        0G    0.0311   0.01963  0.001552   0.05228        70       640    0.7853    0.9072    0.9126     0.627    0.0755   0.03109  0.007925
    99/199        0G   0.04437   0.01798  0.001317   0.06366        23       640    0.7896    0.9068    0.9135    0.6787   0.07586    0.0291  0.007953
   100/199        0G   0.04094   0.01598  0.001565   0.05848        41       640    0.7661    0.9072    0.9742    0.5661   0.07419   0.03026  0.008074
   101/199        0G   0.03756   0.01865  0.001769   0.05798        37       640    0.8551    0.9069    0.9162    0.7034   0.07052   0.03058  0.008465
   102/199        0G   0.02906   0.01837  0.001792   0.04922        37       640    0.8867    0.9072    0.9176    0.7005   0.06787   0.03136  0.008556
   103/199        0G   0.02542   0.01742  0.001848   0.04469        34       640    0.9089    0.9072    0.9186    0.7477   0.06666   0.03111  0.008501
   104/199        0G   0.02439   0.01524    0.0019   0.04152        23       640    0.9061    0.9066    0.9308    0.7494   0.06534   0.03096  0.008355
   105/199        0G   0.02334   0.01811  0.001823   0.04327        33       640    0.9672    0.9072    0.9255    0.6942   0.06466    0.0296  0.008147
   106/199        0G   0.02996   0.01625   0.00153   0.04774        57       640    0.7537    0.9072     0.893    0.7215   0.07513   0.02916  0.008275
   107/199        0G   0.04221   0.01453  0.001323   0.05806        32       640    0.8582    0.9072    0.9413    0.7732   0.06806   0.02929  0.008584
   108/199        0G   0.03302   0.01384  0.001497   0.04836        44       640    0.8646    0.9072    0.9786    0.7998   0.06925   0.02947  0.008957
   109/199        0G   0.02755   0.01634  0.001608    0.0455        41       640    0.9119    0.9905    0.9901    0.7489   0.06692   0.02951  0.009152
   110/199        0G   0.02495    0.0185  0.002049    0.0455        41       640    0.9611     0.905    0.9329    0.7088   0.06559   0.02939  0.009172
   111/199        0G   0.02295   0.01613  0.001711   0.04079        77       640    0.9535    0.9072    0.9221    0.6998   0.06475    0.0291  0.009087
   112/199        0G   0.02174   0.01874  0.001552   0.04204        61       640    0.9659    0.9071    0.9201    0.7036   0.06381   0.02839  0.008769
   113/199        0G   0.02605   0.01589  0.001291   0.04323        42       640    0.9401     0.898    0.9221    0.5253   0.06951   0.02935  0.008652
   114/199        0G   0.03626   0.01715  0.001372   0.05477        88       640    0.7938    0.9072    0.9513    0.7132   0.07146   0.02805  0.008525
   115/199        0G   0.02846   0.01742  0.001349   0.04723        28       640    0.7839      0.99    0.9874    0.7078   0.07205   0.02814  0.008709
   116/199        0G    0.0276    0.0145  0.001371   0.04347        28       640    0.7839      0.99    0.9874    0.7078   0.07205   0.02814  0.008709
   117/199        0G    0.0274   0.01692  0.001331   0.04565        46       640    0.7759    0.9904    0.9856     0.697   0.07433   0.02836  0.009036
   118/199        0G   0.02725   0.01539  0.001509   0.04415        41       640    0.7587    0.9904    0.9812    0.6942   0.07552   0.02857  0.009122
   119/199        0G   0.02494    0.0176  0.001433   0.04397        44       640     0.751    0.9901    0.9784    0.7283     0.076   0.02859  0.009276
   120/199        0G    0.0237   0.01722  0.001511   0.04243        28       640    0.7517    0.9906    0.9783    0.7361   0.07602   0.02858  0.009407
   121/199        0G   0.02332   0.01609  0.001376   0.04078        48       640    0.7588    0.9906    0.9801    0.7594   0.07623   0.02832  0.009648
   122/199        0G   0.02269   0.01706  0.001349    0.0411        31       640    0.7693    0.9906    0.9836    0.7706   0.07619     0.028  0.009787
   123/199        0G   0.02302   0.01816  0.001472   0.04266        21       640    0.9422    0.8145    0.9862     0.795   0.07611   0.02758  0.009806
   124/199        0G   0.02237   0.01532  0.001483   0.03918        44       640    0.9595    0.8146    0.9874    0.7887    0.0762   0.02703   0.01003
   125/199        0G   0.02122   0.01657  0.001435   0.03922        42       640    0.9905     0.817    0.9883    0.8075   0.07638   0.02647    0.0103
   126/199        0G   0.02095   0.01563   0.00136   0.03795        58       640    0.9643    0.8513    0.9894    0.8111    0.0766   0.02587   0.01055
   127/199        0G    0.0199   0.01588  0.001299   0.03708        27       640    0.9908    0.8535    0.9901    0.7828   0.07685    0.0254    0.0108
   128/199        0G   0.02144   0.01646  0.001356   0.03925        67       640    0.9906    0.8874    0.9901    0.8025   0.07689   0.02503    0.0109
   129/199        0G   0.01986   0.01504  0.001322   0.03623        68       640    0.9906    0.9142    0.9901    0.8243   0.07691   0.02467   0.01096
   130/199        0G   0.01969   0.01643  0.001447   0.03757        36       640    0.9906    0.9594    0.9901     0.825   0.07689   0.02435   0.01132
   131/199        0G   0.01883   0.01533  0.001216   0.03538        44       640    0.9815    0.9881    0.9899    0.8404   0.07665   0.02409   0.01171
   132/199        0G   0.01917   0.01457   0.00127     0.035        30       640    0.9838    0.9906    0.9901    0.8409   0.07668   0.02393   0.01203
   133/199        0G    0.0192    0.0153  0.001282   0.03577        22       640    0.9874    0.9904    0.9901    0.8406   0.07659   0.02372   0.01251
   134/199        0G   0.01861   0.01556  0.001197   0.03537        27       640    0.9946    0.9904    0.9901    0.8397   0.07657   0.02351   0.01302
   135/199        0G   0.02035   0.01516  0.003729   0.03924        13       640    0.9946    0.9906    0.9901    0.8242   0.07658   0.02345   0.01337
   136/199        0G   0.01822    0.0159  0.001179   0.03529        71       640    0.9954    0.9906    0.9901    0.8024   0.07646   0.02341   0.01376
   137/199        0G   0.01935   0.01589  0.001262   0.03651        38       640     0.996    0.9906    0.9901    0.7917   0.07655    0.0234   0.01415
   138/199        0G   0.01828   0.01517  0.001226   0.03467        30       640    0.9963    0.9906    0.9901    0.7799   0.07668   0.02344   0.01449
   139/199        0G   0.01826   0.01639  0.001194   0.03584        38       640    0.9961    0.9906    0.9901    0.7789   0.07649   0.02351    0.0148
   140/199        0G   0.01831   0.01454  0.001234   0.03409        35       640    0.9958    0.9906    0.9901    0.7825   0.07637   0.02347   0.01534
   141/199        0G   0.01764   0.01494  0.001161   0.03373        68       640    0.9957    0.9906    0.9901    0.7807   0.07618   0.02337   0.01564
   142/199        0G   0.01766   0.01499  0.001105   0.03375        31       640    0.9955    0.9906    0.9901    0.7801   0.07603    0.0233   0.01582
   143/199        0G   0.01757   0.01416  0.001234   0.03297        30       640    0.9954    0.9906    0.9901    0.7893     0.076   0.02327    0.0159
   144/199        0G   0.01748   0.01423  0.001125   0.03284        37       640    0.9958    0.9904    0.9901    0.8283   0.07591   0.02321    0.0163
   145/199        0G   0.01678   0.01548   0.00115   0.03342        32       640    0.9958    0.9906    0.9901    0.8313   0.07588    0.0232   0.01646
   146/199        0G   0.01698    0.0173  0.001201   0.03548        43       640    0.9953    0.9906    0.9901    0.8337   0.07573    0.0232   0.01645
   147/199        0G   0.01671   0.01505  0.001102   0.03286        59       640    0.9948    0.9904    0.9901    0.8316   0.07559   0.02325    0.0164
   148/199        0G   0.01775   0.01294  0.001241   0.03192        24       640    0.9944    0.9906    0.9901    0.8259   0.07543   0.02326   0.01643
   149/199        0G   0.01688   0.01464  0.001129   0.03266        45       640    0.9934    0.9906    0.9901    0.8551   0.07529   0.02321   0.01642
   150/199        0G   0.01709   0.01499  0.001111   0.03319        32       640     0.993    0.9904    0.9901     0.852    0.0751   0.02328   0.01642
   151/199        0G   0.01713   0.01482   0.00113   0.03308        28       640    0.9928    0.9906    0.9901    0.8626   0.07504   0.02329   0.01642
   152/199        0G   0.01721   0.01576  0.001114   0.03409        37       640    0.9921    0.9905    0.9901    0.8633   0.07497   0.02331   0.01631
   153/199        0G   0.01662   0.01543  0.001001   0.03305        52       640    0.9918    0.9906    0.9901    0.8736   0.07484   0.02329   0.01615
   154/199        0G   0.01678   0.01337  0.001081   0.03123        16       640    0.9914    0.9905    0.9901    0.8708   0.07457   0.02333   0.01589
   155/199        0G     0.016   0.01528  0.001066   0.03235        45       640    0.9916    0.9904    0.9901    0.8714   0.07449   0.02334   0.01588
   156/199        0G    0.0162   0.01245  0.001019   0.02967        44       640     0.991    0.9904    0.9901     0.877   0.07436   0.02338   0.01578
   157/199        0G   0.01643   0.01571  0.001312   0.03345        34       640    0.9879    0.9906    0.9901    0.8789   0.07435   0.02335   0.01578
   158/199        0G   0.01625   0.01344  0.001046   0.03074        35       640     0.985    0.9906    0.9901    0.8787   0.07426   0.02338   0.01584
   159/199        0G   0.01653   0.01285  0.001265   0.03064        29       640    0.9797    0.9898    0.9901    0.8754   0.07413   0.02347   0.01583
   160/199        0G    0.0171   0.01456  0.000984   0.03265        34       640    0.9768    0.9904    0.9901    0.8737    0.0739   0.02354   0.01574
   161/199        0G   0.01657   0.01341  0.001022     0.031        25       640    0.9745    0.9903    0.9901     0.877   0.07386   0.02359   0.01561
   162/199        0G     0.016   0.01609  0.001053   0.03315        65       640    0.9672    0.9898    0.9901    0.8989   0.07373   0.02359   0.01557
   163/199        0G   0.01615   0.01347  0.001042   0.03067        23       640    0.9669    0.9905    0.9901     0.906   0.07361   0.02357   0.01542
   164/199        0G   0.01604   0.01442  0.000942    0.0314        47       640    0.9751    0.9898    0.9901    0.9123   0.07361   0.02354   0.01535
   165/199        0G   0.01653   0.01363  0.001063   0.03122        56       640    0.9853    0.9072    0.9787     0.889   0.07366   0.02357   0.01526
   166/199        0G   0.01665   0.01355  0.001023   0.03122        45       640    0.9898    0.9072    0.9701    0.8677   0.07355   0.02358   0.01545
   167/199        0G   0.01604    0.0145  0.001124   0.03167        58       640    0.9908    0.9072    0.9787    0.8744   0.07345   0.02362   0.01547
   168/199        0G   0.01646   0.01401  0.001028   0.03149        35       640    0.9909    0.9904    0.9901    0.8804   0.07344   0.02361   0.01552
   169/199        0G   0.01614    0.0154  0.001018   0.03256        52       640    0.9901    0.9906    0.9901    0.8492   0.07345    0.0236   0.01559
   170/199        0G   0.01626   0.01663   0.00106   0.03395        23       640    0.9909    0.9897    0.9901    0.8733   0.07323   0.02364   0.01541
   171/199        0G   0.01582   0.01436  0.001035   0.03121        42       640    0.9903    0.9906    0.9901    0.8553   0.07311   0.02363   0.01532
   172/199        0G   0.01593   0.01548 0.0009262   0.03234        41       640    0.9906    0.9906    0.9901    0.8566   0.07303   0.02365   0.01537
   173/199        0G   0.01574   0.01487  0.001081   0.03169        40       640    0.9915    0.9903    0.9901    0.8504   0.07296   0.02365    0.0154
   174/199        0G   0.01615   0.01472  0.001172   0.03204        30       640    0.9916    0.9906    0.9901    0.8553   0.07286   0.02359   0.01556
   175/199        0G   0.01537   0.01382 0.0009596   0.03015        56       640    0.9917    0.9906    0.9901    0.8626   0.07275   0.02359   0.01568
   176/199        0G   0.01615    0.0138  0.001019   0.03097        49       640    0.9922    0.9903    0.9901    0.8673   0.07264   0.02358   0.01569
   177/199        0G    0.0159   0.01478  0.001002   0.03167        39       640    0.9921    0.9902    0.9901    0.8642   0.07254   0.02357   0.01577
   178/199        0G   0.01634   0.01383  0.001068   0.03124        17       640    0.9927    0.9903    0.9901    0.8674   0.07255   0.02354   0.01584
   179/199        0G   0.01533   0.01468 0.0009217   0.03093        51       640    0.9928    0.9906    0.9901    0.8784   0.07259   0.02352   0.01593
   180/199        0G   0.01567   0.01573  0.001164   0.03256        40       640    0.9931    0.9906    0.9901    0.8734   0.07252   0.02353   0.01587
   181/199        0G   0.01543   0.01604  0.001013   0.03248        56       640     0.993    0.9906    0.9901    0.8775   0.07234   0.02357   0.01568
   182/199        0G   0.01621   0.01388 0.0009973   0.03108        54       640    0.9929    0.9903    0.9901    0.8781   0.07207   0.02361   0.01542
   183/199        0G   0.01592   0.01405 0.0009999   0.03096        34       640    0.9925    0.9904    0.9901    0.8747   0.07201    0.0236    0.0153
   184/199        0G   0.01531   0.01572 0.0009149   0.03195        67       640    0.9923    0.9906    0.9901    0.8746   0.07194   0.02358   0.01522
   185/199        0G   0.01574   0.01433 0.0009475   0.03102        74       640    0.9925    0.9906    0.9901    0.8739   0.07186   0.02354   0.01518
   186/199        0G   0.01556   0.01483  0.001055   0.03145        61       640    0.9926    0.9906    0.9901    0.8792   0.07173   0.02355   0.01503
   187/199        0G    0.0157   0.01509 0.0009717   0.03177        21       640     0.992    0.9906    0.9901    0.8809   0.07162   0.02355   0.01496
   188/199        0G   0.01496   0.01467 0.0008651   0.03049        44       640     0.992    0.9906    0.9901    0.8756   0.07159   0.02355   0.01495
   189/199        0G   0.01528   0.01567 0.0008924   0.03184        54       640    0.9913    0.9906    0.9901    0.8751   0.07157   0.02356   0.01498
   190/199        0G   0.01648   0.01329  0.001047   0.03082        23       640     0.992    0.9906    0.9901    0.8726   0.07148   0.02356   0.01498
   191/199        0G   0.01515    0.0143 0.0009536    0.0304        24       640    0.9922    0.9903    0.9901    0.8726   0.07143   0.02355   0.01504
   192/199        0G   0.01548   0.01482   0.00094   0.03124        35       640    0.9922    0.9902    0.9901    0.8792   0.07127   0.02352   0.01492
   193/199        0G   0.01545   0.01445 0.0008977   0.03081        33       640    0.9915    0.9906    0.9901    0.8782   0.07105   0.02358   0.01476
   194/199        0G   0.01516   0.01508 0.0009004   0.03113        34       640    0.9918    0.9906    0.9901    0.8798   0.07096   0.02365   0.01462
   195/199        0G    0.0149   0.01496 0.0009961   0.03085        51       640    0.9917    0.9906    0.9901    0.8809   0.07093   0.02367   0.01446
   196/199        0G    0.0154   0.01575 0.0008845   0.03203        80       640    0.9915    0.9906    0.9901    0.8802   0.07095    0.0237   0.01431
   197/199        0G    0.0155   0.01304 0.0009974   0.02954        67       640    0.9912    0.9906    0.9901    0.8832   0.07089   0.02371    0.0141
   198/199        0G   0.01469   0.01424  0.001027   0.02996        45       640    0.9914    0.9906    0.9901    0.8848   0.07083   0.02373    0.0141
   199/199        0G   0.01475   0.01547 0.0009087   0.03112        45       640    0.9913    0.9906    0.9901    0.8845   0.07075   0.02376   0.01401
